   0.000000       0.000000    
   0.000000       0.000000       0.000000    
   0.000000       0.000000       0.000000       0.000000       0.000000       0.000000       0.000000    
   0.000000       0.000000       0.000000       0.000000       0.000000       0.000000       0.000000    
   0.000000       0.000000       0.000000       0.000000       0.000000       0.000000       0.000000    
   0.000000       0.000000       0.000000       0.000000       0.000000       0.000000       0.000000    
   0.000000       0.000000       0.000000       0.000000       0.000000       0.000000       0.000000    
   0.000000       0.000000       0.000000       0.000000       0.000000       0.000000       0.000000    
   0.000000       0.000000       0.000000       0.000000       0.000000       0.000000       0.000000    
   0.000000       0.000000    
   0.000000       0.000000       0.000000    
   0.000000       0.000000       0.000000       0.000000       0.000000       0.000000       0.000000    
   0.000000       0.000000       0.000000       0.000000       0.000000       0.000000       0.000000    
   0.000000       0.000000       0.000000       0.000000       0.000000       0.000000       0.000000    
   0.000000       0.000000       0.000000       0.000000       0.000000       0.000000       0.000000    
   0.000000       0.000000       0.000000       0.000000       0.000000       0.000000       0.000000    
   0.000000       0.000000       0.000000       0.000000       0.000000       0.000000       0.000000    
   0.000000       0.000000       0.000000       0.000000       0.000000       0.000000       0.000000    
   0.000000       0.000000    
   0.000000       0.000000       0.000000    
   0.000000       0.000000       0.000000       0.000000       0.000000       0.000000       0.000000    
   0.000000       0.000000       0.000000       0.000000       0.000000       0.000000       0.000000    
   0.000000       0.000000       0.000000       0.000000       0.000000       0.000000       0.000000    
   0.000000       0.000000       0.000000       0.000000       0.000000       0.000000       0.000000    
   0.000000       0.000000       0.000000       0.000000       0.000000       0.000000       0.000000    
   0.000000       0.000000       0.000000       0.000000       0.000000       0.000000       0.000000    
   0.000000       0.000000       0.000000       0.000000       0.000000       0.000000       0.000000    
   0.000000       0.000000    
   0.000000       0.000000       0.000000    
   0.000000       0.000000       0.000000       0.000000       0.000000       0.000000       0.000000    
   0.000000       0.000000       0.000000       0.000000       0.000000       0.000000       0.000000    
   0.000000       0.000000       0.000000       0.000000       0.000000       0.000000       0.000000    
   0.000000       0.000000       0.000000       0.000000       0.000000       0.000000       0.000000    
   0.000000       0.000000       0.000000       0.000000       0.000000       0.000000       0.000000    
   0.000000       0.000000       0.000000       0.000000       0.000000       0.000000       0.000000    
   0.000000       0.000000       0.000000       0.000000       0.000000       0.000000       0.000000    
  2.7250368E-04  0.9997275    
  1.9296660E-06  1.0499679E-02  0.9894984    
  9.2440935E-09  9.3339906E-05  2.4060320E-02  0.4668281      0.5090182      6.6625369E-14  9.9999997E-21
  1.1868152E-09  2.7118733E-05  1.6463691E-02  0.3109347      0.5395711      0.1330034      1.9766220E-14
  8.5691104E-10  1.1537003E-05  1.1098653E-02  0.3452729      0.5551198      8.6869456E-02  1.6276289E-03
  3.2284889E-10  1.1940393E-05  1.7086286E-02  0.3259596      0.6155376      4.1374628E-02  3.0010389E-05
  1.2271134E-07  2.2365215E-05  3.4652068E-03  0.1703744      0.6610513      0.1645485      5.3807325E-04
  1.9027814E-08  1.4422873E-04  9.2368303E-03  0.1014908      0.8418611      4.7199506E-02  6.7581728E-05
  5.8783521E-12  1.2573133E-07  8.8053726E-05  1.0531319E-02  0.2585905      0.5473271      0.1834629    
  4.0911831E-04  0.9995909    
  5.1121910E-06  1.8122571E-02  0.9818723    
  4.5671602E-08  3.0411867E-04  5.1249512E-02  0.5922055      0.3562408      4.6354508E-14  9.9999997E-21
  6.8714376E-09  1.0117811E-04  4.0502481E-02  0.4592318      0.4387840      6.1380565E-02  8.8820493E-15
  6.0156049E-09  4.5628793E-05  2.8401544E-02  0.4895108      0.4423978      3.9239354E-02  4.0486080E-04
  2.1984417E-09  5.2334053E-05  4.5885865E-02  0.4641798      0.4721200      1.7754465E-02  7.5458788E-06
  1.0115856E-06  1.3517719E-04  1.3314445E-02  0.3052906      0.5978251      8.3269231E-02  1.6446305E-04
  1.1106629E-07  6.1172596E-04  2.3819784E-02  0.1735127      0.7776762      2.4360638E-02  1.8808512E-05
  6.0772179E-11  9.7779366E-07  4.3408337E-04  3.0361164E-02  0.3991634      0.4798857      9.0154663E-02
  5.7344156E-04  0.9994265    
  1.2750324E-05  3.1707712E-02  0.9682795    
  1.7052740E-07  8.0563448E-04  9.5350735E-02  0.6787010      0.2251424      2.9169070E-14  9.9999997E-21
  2.8925706E-08  2.9413227E-04  8.2746483E-02  0.5781909      0.3120764      2.6692033E-02  3.7736063E-15
  3.2716077E-08  1.5223824E-04  6.4674601E-02  0.6027347      0.3154701      1.6864620E-02  1.0368344E-04
  1.1294461E-08  1.8484806E-04  0.1039155      0.5594946      0.3290401      7.3630009E-03  1.9248714E-06
  5.5381852E-06  5.8461644E-04  3.9324667E-02  0.4461645      0.4742797      3.9591778E-02  4.9138605E-05
  4.7470971E-07  2.0690884E-03  5.1646240E-02  0.2638887      0.6700928      1.2296246E-02  6.4505875E-06
  4.5384951E-10  5.7365060E-06  1.7238777E-03  7.3323391E-02  0.5219485      0.3631704      3.9828084E-02
  8.2884351E-04  0.9991711    
  3.6297311E-05  6.5543063E-02  0.9344206    
  5.9008283E-07  1.9724488E-03  0.1691588      0.7111278      0.1177404      1.5246749E-14  9.9999997E-21
  1.1085623E-07  7.8920490E-04  0.1582595      0.6456068      0.1857231      9.6212979E-03  1.3418325E-15
  1.9222630E-07  5.3590169E-04  0.1552521      0.6496984      0.1881791      6.3076816E-03  2.6579464E-05
  5.4174972E-08  6.2782940E-04  0.2247751      0.5803203      0.1915085      2.7677899E-03  4.4063836E-07
  2.7691378E-05  2.3138456E-03  0.1084866      0.5584056      0.3125288      1.8223891E-02  1.3641809E-05
  1.9192244E-06  6.7293583E-03  0.1036501      0.3763972      0.5078848      5.3364737E-03  1.1693174E-07
  3.4835927E-09  3.2564563E-05  6.8543795E-03  0.1698857      0.5866743      0.2221735      1.4379606E-02
  1.2615449E-03  0.9987385    
  1.8356188E-04  0.2312527      0.7685637    
  2.2180773E-06  5.1003797E-03  0.3047218      0.6558471      3.4328453E-02  4.4709368E-15  9.9999997E-21
  4.6754752E-07  2.2296100E-03  0.3029351      0.6248196      6.8284057E-02  1.7312064E-03  2.3484730E-16
  1.6764269E-06  2.6159359E-03  0.4752898      0.4669168      5.4153949E-02  1.0191394E-03  2.7784276E-06
  3.2187904E-07  2.4956188E-03  0.5311921      0.4080613      5.7775974E-02  4.7470263E-04  4.1204110E-08
  1.4826620E-04  1.0414793E-02  0.3248956      0.5291900      0.1303555      4.9931034E-03  2.7979959E-06
  7.9768724E-06  2.1999398E-02  0.1955348      0.4804424      0.3011558      8.5955946E-04  1.4048707E-16
  2.9793744E-08  2.1419922E-04  3.0434320E-02  0.3875313      0.5078059      7.1974196E-02  2.0401268E-03
  2.3880363E-03  0.9976119    
  1.0224674E-03  0.8323017      0.1666759    
  8.9322539E-06  1.2495637E-02  0.4832976      0.5018385      2.3593071E-03  3.1835352E-16  9.9999997E-21
  2.0047496E-06  5.8146226E-03  0.4755908      0.5110142      7.5315684E-03  4.6819070E-05  6.1006485E-18
  1.4236154E-05  9.7773336E-03  0.9351236      5.4131962E-02  9.4671192E-04  6.2032304E-06  7.7632096E-09
  1.4740658E-06  7.0299678E-03  0.9332109      5.8205076E-02  1.5472954E-03  5.2592654E-06  2.5670030E-10
  6.7182357E-04  4.3081380E-02  0.8081280      0.1405441      7.4308729E-03  1.4382748E-04  5.1733569E-08
  3.7631668E-05  8.1257701E-02  0.3353391      0.5268279      5.6457337E-02  8.0327562E-05  1.2493217E-17
  2.6206220E-07  1.2774410E-03  0.1146553      0.6137240      0.2655792      4.7387648E-03  2.5106800E-05
  4.9408330E-03  0.9950592    
  2.0036525E-03  0.9916220      6.3743982E-03
  3.3235796E-05  2.6964301E-02  0.6382490      0.3346977      5.5699395E-05  7.6126962E-18  9.9999997E-21
  9.3074423E-06  1.4840089E-02  0.6177696      0.3671446      2.3628477E-04  1.4956352E-07  1.9401308E-20
  8.4805826E-05  2.2405459E-02  0.9761690      1.3394855E-03  1.1961176E-06  1.3044460E-09  5.3437338E-13
  3.6829385E-06  1.0756823E-02  0.9873824      1.8536666E-03  3.4618665E-06  2.9497556E-09  4.7701999E-14
  1.7095550E-03  8.6030982E-02  0.9070732      5.1638708E-03  2.2246941E-05  1.5224946E-07  1.7758715E-11
  1.4737723E-04  0.2577028      0.3653608      0.3569113      1.9869011E-02  8.7012513E-06  1.3443003E-18
  2.0889786E-06  5.7374635E-03  0.2940066      0.6024165      9.7742282E-02  9.5101328E-05  3.4582296E-08
  1.3051476E-02  0.9869485    
  4.0539526E-03  0.9956227      3.2334868E-04
  1.5138480E-04  6.6333540E-02  0.7884374      0.1450756      2.0705068E-06  2.8666262E-19  9.9999997E-21
  8.3704959E-05  5.7558436E-02  0.7687545      0.1735945      8.8621264E-06  6.4728306E-10  9.9999997E-21
  9.6967188E-04  7.4622214E-02  0.9243402      6.7829365E-05  6.6184631E-09  1.0499112E-12  1.0697844E-16
  1.1102950E-05  1.7050069E-02  0.9828239      1.1488676E-04  1.2714108E-08  1.9175004E-12  8.0600115E-18
  4.8689819E-03  0.1709321      0.8239756      2.2318822E-04  5.7612446E-08  9.7434040E-11  9.9999997E-21
  4.8161071E-04  0.7009296      0.2005282      9.6193932E-02  1.8666392E-03  3.2086119E-16  9.9999997E-21
  1.8264682E-05  2.7507830E-02  0.6358161      0.3228801      1.3776000E-02  1.6822289E-06  7.4914713E-11
  0.1431500      0.8568500    
  4.0568538E-02  0.9593776      5.3862910E-05
  4.1022566E-03  0.4588698      0.5349779      2.0500987E-03  9.8991548E-10  9.9999997E-21  9.9999997E-21
  1.6741378E-02  0.8313347      0.1510925      8.3139789E-04  1.2255507E-09  1.6924662E-14  9.9999997E-21
  0.1602737      0.7230399      0.1166862      1.6803943E-07  1.6718391E-12  5.0276276E-17  9.9999997E-21
  5.5512559E-04  9.3146354E-02  0.9062963      2.2242707E-06  4.8335030E-12  1.3220496E-16  9.9999997E-21
  4.1121088E-02  0.6553222      0.3035554      1.3441498E-06  5.8982988E-12  1.9361388E-15  9.9999997E-21
  1.5171255E-03  0.9956183      2.8148664E-03  4.9675789E-05  1.9545064E-08  9.9999997E-21  9.9999997E-21
  6.5632747E-04  0.3311023      0.6639633      4.2750249E-03  3.0083040E-06  6.8967415E-11  5.7106014E-16
   0.000000       0.000000    
   0.000000       0.000000       0.000000    
   0.000000       0.000000       0.000000       0.000000       0.000000       0.000000       0.000000    
   0.000000       0.000000       0.000000       0.000000       0.000000       0.000000       0.000000    
   0.000000       0.000000       0.000000       0.000000       0.000000       0.000000       0.000000    
   0.000000       0.000000       0.000000       0.000000       0.000000       0.000000       0.000000    
   0.000000       0.000000       0.000000       0.000000       0.000000       0.000000       0.000000    
   0.000000       0.000000       0.000000       0.000000       0.000000       0.000000       0.000000    
   0.000000       0.000000       0.000000       0.000000       0.000000       0.000000       0.000000    
   0.000000       0.000000    
   0.000000       0.000000       0.000000    
   0.000000       0.000000       0.000000       0.000000       0.000000       0.000000       0.000000    
   0.000000       0.000000       0.000000       0.000000       0.000000       0.000000       0.000000    
   0.000000       0.000000       0.000000       0.000000       0.000000       0.000000       0.000000    
   0.000000       0.000000       0.000000       0.000000       0.000000       0.000000       0.000000    
   0.000000       0.000000       0.000000       0.000000       0.000000       0.000000       0.000000    
   0.000000       0.000000       0.000000       0.000000       0.000000       0.000000       0.000000    
   0.000000       0.000000       0.000000       0.000000       0.000000       0.000000       0.000000    
   0.000000       0.000000    
   0.000000       0.000000       0.000000    
   0.000000       0.000000       0.000000       0.000000       0.000000       0.000000       0.000000    
   0.000000       0.000000       0.000000       0.000000       0.000000       0.000000       0.000000    
   0.000000       0.000000       0.000000       0.000000       0.000000       0.000000       0.000000    
   0.000000       0.000000       0.000000       0.000000       0.000000       0.000000       0.000000    
   0.000000       0.000000       0.000000       0.000000       0.000000       0.000000       0.000000    
   0.000000       0.000000       0.000000       0.000000       0.000000       0.000000       0.000000    
   0.000000       0.000000       0.000000       0.000000       0.000000       0.000000       0.000000    
  1.8604418E-04  0.9998140    
  7.8670416E-07  6.6560502E-03  0.9933432    
  1.8530764E-09  2.8152128E-05  1.1222892E-02  0.3498887      0.6388603      8.4354344E-14  9.9999997E-21
  2.0302730E-10  7.1639433E-06  6.6009513E-03  0.1966719      0.5684327      0.2282872      3.5111762E-14
  1.3187022E-10  3.0352996E-06  4.5269965E-03  0.2290547      0.6041614      0.1570174      5.2365321E-03
  4.9258181E-11  2.8589393E-06  6.5040970E-03  0.2158756      0.6963031      8.1197955E-02  1.1641120E-04
  1.5064430E-08  3.8397707E-06  9.3532528E-04  8.7709010E-02  0.6234711      0.2854737      2.4070134E-03
  3.1544938E-09  3.4888679E-05  3.5345245E-03  5.8893312E-02  0.8439320      9.3179122E-02  4.2619300E-04
  6.9084159E-13  1.8344922E-08  2.0081376E-05  3.8671871E-03  0.1582958      0.5373421      0.3004748    
  2.9511689E-04  0.9997049    
  2.3443902E-06  1.1801616E-02  0.9881960    
  1.2557394E-08  1.1721595E-04  2.7935918E-02  0.4913609      0.4805859      6.2834822E-14  9.9999997E-21
  1.6836806E-09  3.5417386E-05  1.9913707E-02  0.3409843      0.5233954      0.1156711      1.7108083E-14
  1.2660553E-09  1.5273572E-05  1.3657194E-02  0.3743259      0.5359848      7.4684851E-02  1.3320378E-03
  4.6601500E-10  1.5913198E-05  2.0817768E-02  0.3532274      0.5901725      3.5738837E-02  2.7509566E-05
  1.8042994E-07  3.1291420E-05  4.4511226E-03  0.1893199      0.6454259      0.1601436      6.2797067E-04
  2.5959169E-08  1.8745534E-04  1.0937810E-02  0.1118532      0.8272344      4.9670197E-02  1.1686459E-04
  9.2395137E-12  1.8720041E-07  1.2020989E-04  1.3035172E-02  0.2837163      0.5413184      0.1618097    
  4.3142497E-04  0.9995686    
  5.8840933E-06  1.9893780E-02  0.9801003    
  5.6172119E-08  3.5457112E-04  5.6841988E-02  0.6074303      0.3353731      4.3603589E-14  9.9999997E-21
  8.6641698E-09  1.2046214E-04  4.5923334E-02  0.4823177      0.4180104      5.3628013E-02  7.7288690E-15
  7.8786124E-09  5.5493423E-05  3.2922558E-02  0.5115997      0.4206301      3.4434389E-02  3.5779650E-04
  2.8498048E-09  6.4309053E-05  5.2626982E-02  0.4849926      0.4468254      1.5484205E-02  6.4162309E-06
  1.3189363E-06  1.7071060E-04  1.5857792E-02  0.3237875      0.5770907      8.2910590E-02  1.8139795E-04
  1.4088684E-07  7.3333789E-04  2.6713392E-02  0.1853899      0.7631646      2.3964852E-02  3.3764834E-05
  8.2984279E-11  1.2828532E-06  5.3859741E-04  3.5041392E-02  0.4182705      0.4666230      7.9525195E-02
  5.9506705E-04  0.9994049    
  1.4634222E-05  3.5101008E-02  0.9648843    
  2.0075151E-07  9.1258920E-04  0.1038851      0.6873094      0.2078926      2.6936383E-14  9.9999997E-21
  3.4810423E-08  3.3942939E-04  9.1769047E-02  0.5954167      0.2902441      2.2230661E-02  3.1401110E-15
  4.1177774E-08  1.8061715E-04  7.4147232E-02  0.6189135      0.2917816      1.4882976E-02  9.3974340E-05
  1.4223736E-08  2.2351895E-04  0.1180067      0.5754116      0.3000634      6.2934775E-03  1.3696183E-06
  7.2591583E-06  7.2626863E-04  4.6860062E-02  0.4633801      0.4512567      3.7726890E-02  4.2774191E-05
  5.9857774E-07  2.3867642E-03  5.6567430E-02  0.2784514      0.6523313      1.0256926E-02  5.6212989E-06
  5.9089306E-10  7.2086541E-06  2.0791278E-03  8.3024964E-02  0.5366852      0.3440143      3.4189269E-02
  8.5052277E-04  0.9991495    
  4.2841788E-05  7.4818842E-02  0.9251383    
  6.8713780E-07  2.2154769E-03  0.1831090      0.7099270      0.1047479      1.3562725E-14  9.9999997E-21
  1.3025863E-07  8.9393189E-04  0.1728949      0.6497771      0.1685598      7.8741871E-03  1.0945113E-15
  2.3902973E-07  6.3644594E-04  0.1783999      0.6477196      0.1678357      5.3851646E-03  2.2957160E-05
  6.7535893E-08  7.4958196E-04  0.2513876      0.5756667      0.1698940      2.3017244E-03  3.4009778E-07
  3.3955541E-05  2.7949801E-03  0.1262626      0.5628926      0.2919836      1.6021552E-02  1.0707518E-05
  2.2408394E-06  7.5070267E-03  0.1112372      0.3902370      0.4861247      4.8900708E-03  1.6892827E-06
  4.3974064E-09  4.0245450E-05  8.0946200E-03  0.1889929      0.5900316      0.2013058      1.1534856E-02
  1.3433676E-03  0.9986566    
  2.4433117E-04  0.2989459      0.7008097    
  2.6069879E-06  5.6719841E-03  0.3277520      0.6416780      2.4895428E-02  3.2537879E-15  9.9999997E-21
  5.4701974E-07  2.5098533E-03  0.3265821      0.6157227      5.3962249E-02  1.2225378E-03  1.6485904E-16
  2.2727174E-06  3.2865028E-03  0.5669355      0.3923102      3.6792573E-02  6.7121995E-04  1.7390545E-06
  4.1136687E-07  3.0488567E-03  0.6086060      0.3449804      4.3010332E-02  3.5392138E-04  3.4684412E-08
  1.8618439E-04  1.2951811E-02  0.3864845      0.4891180      0.1077203      3.5379454E-03  1.2450236E-06
  9.4203224E-06  2.4803195E-02  0.2072104      0.4899098      0.2770022      1.0649518E-03  7.4442589E-08
  3.8535894E-08  2.6708416E-04  3.6484599E-02  0.4253117      0.4829620      5.3687811E-02  1.2868322E-03
  2.5153423E-03  0.9974847    
  1.1074869E-03  0.8834327      0.1154598    
  9.8265018E-06  1.3111404E-02  0.4959486      0.4893369      1.5932515E-03  2.1566101E-16  9.9999997E-21
  2.2184483E-06  6.1607528E-03  0.4852921      0.5028941      5.6187003E-03  3.2107484E-05  4.1691098E-18
  1.6067013E-05  1.0324967E-02  0.9518642      3.7288640E-02  5.0278427E-04  3.2726848E-06  3.5111021E-09
  1.5903380E-06  7.3714433E-03  0.9503894      4.1228715E-02  1.0058397E-03  3.0164376E-06  1.1215065E-10
  7.2644145E-04  4.6686158E-02  0.8379701      0.1093459      5.2064392E-03  6.4884225E-05  1.6563625E-08
  4.2221684E-05  8.7460421E-02  0.3377130      0.5210073      5.3670093E-02  1.0697841E-04  1.6566388E-17
  3.0452958E-07  1.4029688E-03  0.1228831      0.6208910      0.2513298      3.4774728E-03  1.5373073E-05
  5.2859704E-03  0.9947140    
  2.0357524E-03  0.9897755      8.1887087E-03
  3.6051864E-05  2.7844064E-02  0.6468616      0.3251820      7.6229517E-05  1.0434638E-17  9.9999997E-21
  1.0357114E-05  1.5871029E-02  0.6283766      0.3554238      3.1790938E-04  2.7192198E-07  3.5529204E-20
  9.6643911E-05  2.3578124E-02  0.9742001      2.1224406E-03  2.7048920E-06  4.3091557E-09  1.7419193E-12
  3.8017918E-06  1.0965891E-02  0.9864570      2.5668363E-03  6.4562505E-06  5.5415410E-09  9.2608342E-14
  1.7768104E-03  8.8516213E-02  0.9029257      6.7412560E-03  3.9759692E-05  2.2606795E-07  3.6176777E-11
  1.6220601E-04  0.2782856      0.3590413      0.3441355      1.8355029E-02  2.0312960E-05  3.1632694E-18
  2.3840694E-06  6.1772880E-03  0.3107279      0.5934122      8.9557879E-02  1.2235837E-04  6.2715309E-08
  1.3734560E-02  0.9862654    
  4.2616772E-03  0.9942246      1.5137399E-03
  1.7255287E-04  7.0238411E-02  0.7942933      0.1352908      4.9242462E-06  6.8209443E-19  9.9999997E-21
  9.6298878E-05  6.2652111E-02  0.7763019      0.1609290      2.0669660E-05  3.9073567E-09  9.9999997E-21
  1.0994474E-03  7.9401337E-02  0.9192811      2.1803052E-04  5.5261335E-08  2.2660568E-11  3.9353828E-15
  1.1946391E-05  1.7598296E-02  0.9821000      2.8964269E-04  8.0348244E-08  2.4756235E-11  1.9565302E-16
  4.8744716E-03  0.1779855      0.8166032      5.3639704E-04  3.3626097E-07  9.4442976E-10  1.6157891E-15
  4.7170100E-04  0.7226629      0.1888186      8.6475216E-02  1.5708455E-03  6.9821579E-07  1.1167198E-19
  2.1672178E-05  3.0407408E-02  0.6515808      0.3061271      1.1859396E-02  3.6671941E-06  4.1705528E-10
  0.1590863      0.8409137    
  4.6256825E-02  0.9536081      1.3507262E-04
  4.9981875E-03  0.4934087      0.5000468      1.5462973E-03  1.7002328E-09  9.9999997E-21  9.9999997E-21
  2.0492211E-02  0.8576511      0.1213140      5.4264476E-04  1.8244964E-09  6.3882222E-14  9.9999997E-21
  0.1830000      0.7242225      9.2777252E-02  3.0156551E-07  7.1690635E-12  5.4651243E-16  2.5750052E-20
  7.1782724E-04  0.1051134      0.8941638      4.9775922E-06  2.4489143E-11  1.6862507E-15  9.9999997E-21
  4.0034946E-02  0.6855687      0.2743936      2.7437793E-06  2.7184562E-11  2.2433629E-14  9.9999997E-21
  1.3683781E-03  0.9963972      2.2030694E-03  3.1369400E-05  9.9673940E-09  1.2945886E-12  9.9999997E-21
  7.7830598E-04  0.3588522      0.6371351      3.2325152E-03  1.8340147E-06  1.0588421E-10  2.2083678E-15
   0.000000       0.000000    
   0.000000       0.000000       0.000000    
   0.000000       0.000000       0.000000       0.000000       0.000000       0.000000       0.000000    
   0.000000       0.000000       0.000000       0.000000       0.000000       0.000000       0.000000    
   0.000000       0.000000       0.000000       0.000000       0.000000       0.000000       0.000000    
   0.000000       0.000000       0.000000       0.000000       0.000000       0.000000       0.000000    
   0.000000       0.000000       0.000000       0.000000       0.000000       0.000000       0.000000    
   0.000000       0.000000       0.000000       0.000000       0.000000       0.000000       0.000000    
   0.000000       0.000000       0.000000       0.000000       0.000000       0.000000       0.000000    
   0.000000       0.000000    
   0.000000       0.000000       0.000000    
   0.000000       0.000000       0.000000       0.000000       0.000000       0.000000       0.000000    
   0.000000       0.000000       0.000000       0.000000       0.000000       0.000000       0.000000    
   0.000000       0.000000       0.000000       0.000000       0.000000       0.000000       0.000000    
   0.000000       0.000000       0.000000       0.000000       0.000000       0.000000       0.000000    
   0.000000       0.000000       0.000000       0.000000       0.000000       0.000000       0.000000    
   0.000000       0.000000       0.000000       0.000000       0.000000       0.000000       0.000000    
   0.000000       0.000000       0.000000       0.000000       0.000000       0.000000       0.000000    
   0.000000       0.000000    
   0.000000       0.000000       0.000000    
   0.000000       0.000000       0.000000       0.000000       0.000000       0.000000       0.000000    
   0.000000       0.000000       0.000000       0.000000       0.000000       0.000000       0.000000    
   0.000000       0.000000       0.000000       0.000000       0.000000       0.000000       0.000000    
   0.000000       0.000000       0.000000       0.000000       0.000000       0.000000       0.000000    
   0.000000       0.000000       0.000000       0.000000       0.000000       0.000000       0.000000    
   0.000000       0.000000       0.000000       0.000000       0.000000       0.000000       0.000000    
   0.000000       0.000000       0.000000       0.000000       0.000000       0.000000       0.000000    
  2.2842981E-04  0.9997716    
  1.3236709E-06  8.6696371E-03  0.9913290    
  4.7036823E-09  5.6723959E-05  1.7571915E-02  0.4165313      0.5658400      7.4342767E-14  9.9999997E-21
  5.7217270E-10  1.5828395E-05  1.1454817E-02  0.2624228      0.5580712      0.1680354      2.5355769E-14
  3.9002601E-10  6.6623725E-06  7.7093565E-03  0.2959284      0.5799952      0.1135868      2.7735811E-03
  1.4771928E-10  6.6173789E-06  1.1493762E-02  0.2776915      0.6552074      5.5545688E-02  5.5101693E-05
  4.9831602E-08  1.0529685E-05  1.9849879E-03  0.1280797      0.6533337      0.2152900      1.3011354E-03
  8.8671479E-09  7.8613812E-05  6.1590560E-03  8.0481179E-02  0.8462147      6.6887602E-02  1.7883378E-04
  2.3708091E-12  5.6182127E-08  4.7543999E-05  6.9822515E-03  0.2143076      0.5519411      0.2267214    
  3.3709509E-04  0.9996629    
  3.3174126E-06  1.4285590E-02  0.9857111    
  2.2446736E-08  1.8184027E-04  3.7149657E-02  0.5401185      0.4225501      5.5106073E-14  9.9999997E-21
  3.2085707E-09  5.7934696E-05  2.8102461E-02  0.3995903      0.4859495      8.6299866E-02  1.2621921E-14
  2.5605784E-09  2.5415431E-05  1.9368362E-02  0.4318504      0.4922427      5.5743199E-02  7.6993403E-04
  9.6042230E-10  2.7950340E-05  3.0423457E-02  0.4063118      0.5373671      2.5855390E-02  1.4214794E-05
  3.9545870E-07  6.1725441E-05  7.4870880E-03  0.2386051      0.6367937      0.1165785      4.7356778E-04
  4.8605724E-08  3.1601559E-04  1.5529335E-02  0.1366172      0.8105753      3.6884513E-02  7.7618235E-05
  2.1323563E-11  3.9852597E-07  2.1827174E-04  1.9525973E-02  0.3404386      0.5187845      0.1210322    
  4.7341530E-04  0.9995266    
  7.8825315E-06  2.3749508E-02  0.9762426    
  8.4698797E-08  4.8414696E-04  6.9307156E-02  0.6376187      0.2925900      3.7977258E-14  9.9999997E-21
  1.3564834E-08  1.6839712E-04  5.7708304E-02  0.5211420      0.3788081      4.2173233E-02  6.0265916E-15
  1.3188806E-08  8.0619720E-05  4.2857006E-02  0.5487428      0.3812714      2.6808541E-02  2.3970129E-04
  4.7482804E-09  9.5272466E-05  6.7867570E-02  0.5139440      0.4059622      1.2126733E-02  4.2357574E-06
  2.2211727E-06  2.6776330E-04  2.2131788E-02  0.3693083      0.5438686      6.4273246E-02  1.4811658E-04
  2.1189628E-07  1.0561612E-03  3.3820949E-02  0.2115384      0.7321720      2.1386042E-02  2.6250980E-05
  1.5265840E-10  2.2349900E-06  8.2905334E-04  4.6628851E-02  0.4625027      0.4283305      6.1706714E-02
  6.5533130E-04  0.9993446    
  1.8998289E-05  4.2073075E-02  0.9579079    
  2.7426273E-07  1.1402423E-03  0.1198166      0.6977493      0.1812936      2.3484883E-14  9.9999997E-21
  4.8708916E-08  4.3345412E-04  0.1081172      0.6142927      0.2592803      1.7876239E-02  2.5167428E-15
  6.4213609E-08  2.4735113E-04  9.3048409E-02  0.6342150      0.2608792      1.1539539E-02  7.0406641E-05
  2.0742496E-08  2.9937702E-04  0.1412927      0.5849625      0.2681442      5.2998113E-03  1.4424241E-06
  1.0655927E-05  1.0228348E-03  6.0202897E-02  0.4963222      0.4082119      3.4178529E-02  5.0967566E-05
  8.1233077E-07  3.1949067E-03  6.7003042E-02  0.3054644      0.6103909      1.3935758E-02  1.0237814E-05
  9.9563746E-10  1.1232900E-05  2.9474085E-03  0.1033985      0.5593671      0.3076912      2.6584605E-02
  9.3145866E-04  0.9990686    
  6.0839415E-05  9.8390557E-02  0.9015486    
  9.1926796E-07  2.7565146E-03  0.2113063      0.7034847      8.2451612E-02  1.0671993E-14  9.9999997E-21
  1.8205336E-07  1.1444339E-03  0.2039493      0.6559610      0.1336948      5.2502989E-03  7.2287645E-16
  3.9255121E-07  9.2505582E-04  0.2359608      0.6298395      0.1296005      3.6593033E-03  1.4378901E-05
  1.0325709E-07  1.0516847E-03  0.3105405      0.5544617      0.1323067      1.6390459E-03  2.6240798E-07
  5.1368268E-05  4.0419362E-03  0.1667051      0.5690231      0.2467802      1.3391620E-02  6.7026399E-06
  3.1337136E-06  9.7983656E-03  0.1292727      0.4180304      0.4370719      5.8221235E-03  1.3741474E-06
  7.0444064E-09  6.1993880E-05  1.1547195E-02  0.2336831      0.5872126      0.1602115      7.2835698E-03
  1.5284797E-03  0.9984715    
  4.2384880E-04  0.4681180      0.5314582    
  3.5730077E-06  7.1232319E-03  0.3726998      0.6066409      1.3532488E-02  1.7857409E-15  9.9999997E-21
  7.7286467E-07  3.1809527E-03  0.3727447      0.5917820      3.1804688E-02  4.8688028E-04  6.4893001E-17
  3.9290812E-06  4.7999662E-03  0.7314875      0.2489910      1.4518069E-02  1.9915274E-04  4.1236859E-07
  6.3766021E-07  4.2361105E-03  0.7411987      0.2356945      1.8752759E-02  1.1731546E-04  1.0506728E-08
  2.8214836E-04  1.9945886E-02  0.5308303      0.3878667      5.9307028E-02  1.7672025E-03  7.5573359E-07
  1.2773061E-05  3.2562681E-02  0.2334925      0.5032413      0.2298390      8.5150666E-04  2.4066941E-07
  6.1692731E-08  4.0907686E-04  5.1140074E-02  0.4953256      0.4234913      2.9198110E-02  4.3577718E-04
  2.8538026E-03  0.9971462    
  1.3173069E-03  0.9432786      5.5404093E-02
  1.2696494E-05  1.5526812E-02  0.5290936      0.4546260      7.4091391E-04  1.0054186E-16  9.9999997E-21
  2.9747650E-06  7.3406035E-03  0.5148854      0.4750191      2.7426127E-03  9.3181798E-06  1.1968317E-18
  2.2320706E-05  1.2090979E-02  0.9708335      1.6933143E-02  1.1957749E-04  4.6672614E-07  3.9513368E-10
  1.9869151E-06  8.2671726E-03  0.9709207      2.0534711E-02  2.7485855E-04  5.3097153E-07  1.8724002E-11
  8.7565259E-04  5.5715058E-02  0.8856184      5.6217622E-02  1.5546819E-03  1.8597369E-05  2.7989655E-09
  5.5065262E-05  0.1092192      0.3517296      0.4944417      4.4475280E-02  7.9173740E-05  1.1191680E-08
  4.5158856E-07  1.9109623E-03  0.1497615      0.6354741      0.2113385      1.5110429E-03  3.4973521E-06
  6.1098062E-03  0.9938902    
  2.2810106E-03  0.9943703      3.3486912E-03
  4.6554138E-05  3.2794204E-02  0.6837943      0.2833312      3.3792589E-05  4.6317983E-18  9.9999997E-21
  1.4678973E-05  1.9758435E-02  0.6644127      0.3156715      1.4259138E-04  6.7483462E-08  9.9999997E-21
  1.3985620E-04  2.8142439E-02  0.9708098      9.0730854E-04  6.0627053E-07  5.3455679E-10  1.3840994E-13
  4.7033591E-06  1.2163280E-02  0.9865825      1.2479591E-03  1.5492444E-06  7.7063322E-10  9.8135535E-15
  2.1412228E-03  9.9763259E-02  0.8949585      3.1277381E-03  9.2197506E-06  3.7810583E-08  4.1173835E-12
  2.0503427E-04  0.3405757      0.3467095      0.2993791      1.3123590E-02  7.1165032E-06  1.0261821E-09
  3.5238472E-06  8.2646320E-03  0.3645924      0.5606806      6.6410333E-02  4.8543461E-05  1.3268855E-08
  1.7136617E-02  0.9828634    
  5.1016542E-03  0.9938506      1.0477020E-03
  2.2850133E-04  8.5671760E-02  0.8111481      0.1029492      2.3962696E-06  3.3325445E-19  9.9999997E-21
  1.6301875E-04  8.7587141E-02  0.7882000      0.1240400      9.8837236E-06  1.3197646E-09  9.9999997E-21
  1.9577809E-03  0.1072408      0.8906955      1.0582439E-04  1.8659255E-08  4.9430980E-12  5.8146154E-16
  1.6169544E-05  2.0146636E-02  0.9796648      1.7238014E-04  2.8080837E-08  4.8247643E-12  3.5316321E-17
  6.1795404E-03  0.2058923      0.7876410      2.8703568E-04  1.0071825E-07  1.9526164E-10  2.4893455E-14
  5.3856464E-04  0.8032262      0.1420997      5.3426284E-02  7.0886291E-04  3.5834276E-07  2.6176162E-11
  3.2582982E-05  4.2141907E-02  0.7159252      0.2354222      6.4767073E-03  1.4028627E-06  1.1242701E-10
  0.2325911      0.7674089    
  6.7712858E-02  0.9322550      3.2091823E-05
  5.5282447E-03  0.5930648      0.4007867      6.2023080E-04  1.2457510E-10  9.9999997E-21  9.9999997E-21
  3.7120562E-02  0.9056478      5.7102598E-02  1.2903748E-04  8.1563548E-11  8.0907761E-16  9.9999997E-21
  0.2783350      0.6818032      3.9861742E-02  2.2878714E-08  1.1677410E-13  2.5612277E-18  9.9999997E-21
  1.3528840E-03  0.1363736      0.8622727      8.5248382E-07  7.3699103E-13  1.3775628E-17  9.9999997E-21
  4.2050511E-02  0.7556280      0.2023210      3.7098940E-07  6.7916029E-13  1.6012597E-16  9.9999997E-21
  1.2912225E-03  0.9977195      9.8244287E-04  6.8253057E-06  1.0625508E-09  2.8059540E-13  9.9999997E-21
  9.2644594E-04  0.4575228      0.5402806      1.2697736E-03  3.5306917E-07  6.1119373E-12  3.7713533E-17
   0.000000       0.000000    
   0.000000       0.000000       0.000000    
   0.000000       0.000000       0.000000       0.000000       0.000000       0.000000       0.000000    
   0.000000       0.000000       0.000000       0.000000       0.000000       0.000000       0.000000    
   0.000000       0.000000       0.000000       0.000000       0.000000       0.000000       0.000000    
   0.000000       0.000000       0.000000       0.000000       0.000000       0.000000       0.000000    
   0.000000       0.000000       0.000000       0.000000       0.000000       0.000000       0.000000    
   0.000000       0.000000       0.000000       0.000000       0.000000       0.000000       0.000000    
   0.000000       0.000000       0.000000       0.000000       0.000000       0.000000       0.000000    
  1.8543830E-04  0.9998146    
  7.8997715E-07  6.6841594E-03  0.9933150    
  1.8474758E-09  2.8176630E-05  1.1235762E-02  0.3495286      0.6392074      8.4347886E-14  9.9999997E-21
  2.0128992E-10  7.0935212E-06  6.5610544E-03  0.1953683      0.5686327      0.2294308      3.5208429E-14
  1.3205366E-10  3.0482931E-06  4.5332806E-03  0.2287708      0.6069853      0.1546076      5.0999308E-03
  4.9612512E-11  2.8764182E-06  6.5154699E-03  0.2160182      0.6980766      7.9282619E-02  1.0420498E-04
  1.5264551E-08  3.9001397E-06  9.4837270E-04  8.9449272E-02  0.6310444      0.2767035      1.8505449E-03
  3.2311793E-09  3.5267058E-05  3.5844864E-03  5.9579581E-02  0.8520564      8.4494740E-02  2.4946063E-04
  6.8087154E-13  1.8348301E-08  1.9971594E-05  3.8452649E-03  0.1577667      0.5383641      0.3000039    
  2.3218314E-04  0.9997678    
  1.3224270E-06  8.6750546E-03  0.9913236    
  4.7020201E-09  5.6294677E-05  1.7467279E-02  0.4149325      0.5675440      7.4528362E-14  9.9999997E-21
  5.6973515E-10  1.5571095E-05  1.1289220E-02  0.2594650      0.5578850      0.1713452      2.5805216E-14
  3.8751388E-10  6.5590334E-06  7.6424149E-03  0.2933249      0.5816789      0.1145484      2.7988071E-03
  1.4425877E-10  6.4728029E-06  1.1319409E-02  0.2751073      0.6566055      5.6904927E-02  5.6302903E-05
  4.9864617E-08  1.0506416E-05  1.9597982E-03  0.1278319      0.6547243      0.2143079      1.1655330E-03
  8.8962020E-09  7.9107500E-05  6.1527197E-03  8.0943488E-02  0.8517520      6.0938850E-02  1.3377288E-04
  2.3402742E-12  5.5024966E-08  4.6528028E-05  6.8754447E-03  0.2117779      0.5519961      0.2293041    
  3.0240827E-04  0.9996976    
  2.5141123E-06  1.2091181E-02  0.9879063    
  1.4404669E-08  1.2980466E-04  2.9634861E-02  0.5003200      0.4699153      6.1419084E-14  9.9999997E-21
  1.9480388E-09  3.9401795E-05  2.1324180E-02  0.3514562      0.5163069      0.1108733      1.6374453E-14
  1.4427479E-09  1.6647629E-05  1.4310419E-02  0.3841553      0.5270592      7.3172607E-02  1.2858340E-03
  5.3883842E-10  1.7644183E-05  2.2126708E-02  0.3596450      0.5836332      3.4553692E-02  2.3733252E-05
  2.1106972E-07  3.5347592E-05  4.8293062E-03  0.1948880      0.6486054      0.1510378      6.0400128E-04
  3.0838166E-08  2.1130739E-04  1.1877629E-02  0.1170000      0.8261341      4.4700783E-02  7.6160548E-05
  1.1199518E-11  2.2204411E-07  1.3560374E-04  1.4121756E-02  0.2952863      0.5365885      0.1538675    
  4.0483169E-04  0.9995952    
  5.3436543E-06  1.8654529E-02  0.9813401    
  4.7749896E-08  3.1690660E-04  5.2616682E-02  0.5937845      0.3532819      4.5934651E-14  9.9999997E-21
  7.2781083E-09  1.0642485E-04  4.2233940E-02  0.4690626      0.4295776      5.9019424E-02  8.5121331E-15
  6.3075394E-09  4.7803176E-05  2.9631343E-02  0.4979419      0.4328610      3.9098073E-02  4.1980206E-04
  2.3404760E-09  5.4930202E-05  4.7136489E-02  0.4686120      0.4669755      1.7213870E-02  7.2357329E-06
  1.0354954E-06  1.3831235E-04  1.3502486E-02  0.3023537      0.5960112      8.7768964E-02  2.2429631E-04
  1.1403095E-07  6.2422163E-04  2.4247404E-02  0.1752201      0.7756383      2.4244133E-02  2.5647278E-05
  6.3200410E-11  1.0395152E-06  4.5237722E-04  3.1327497E-02  0.4046708      0.4775783      8.5969955E-02
  5.4568896E-04  0.9994543    
  1.1679684E-05  3.0290375E-02  0.9696980    
  1.4815613E-07  7.3113007E-04  9.0180531E-02  0.6718866      0.2372015      3.0747869E-14  9.9999997E-21
  2.4819510E-08  2.6599201E-04  7.8344576E-02  0.5737327      0.3195262      2.8130481E-02  3.9880679E-15
  2.7331366E-08  1.3576786E-04  6.0855709E-02  0.5990729      0.3212215      1.8582869E-02  1.3120347E-04
  9.7112860E-09  1.6646470E-04  9.7168423E-02  0.5574540      0.3367706      8.4380135E-03  2.4728467E-06
  4.7222175E-06  5.0691934E-04  3.6005974E-02  0.4250278      0.4915766      4.6783309E-02  9.4602561E-05
  4.0384151E-07  1.7869577E-03  4.7324371E-02  0.2530134      0.6811213      1.6738860E-02  1.4655151E-05
  3.6508127E-10  4.7751773E-06  1.5088312E-03  6.8012282E-02  0.5151891      0.3742418      4.1043278E-02
  7.4943609E-04  0.9992506    
  2.8772625E-05  5.6270510E-02  0.9437007    
  4.4560298E-07  1.6272117E-03  0.1509303      0.7108175      0.1366245      1.7691984E-14  9.9999997E-21
  8.1751722E-08  6.3890876E-04  0.1396642      0.6406325      0.2074502      1.1614172E-02  1.6247749E-15
  1.2828185E-07  4.0924220E-04  0.1314474      0.6517900      0.2084298      7.8845620E-03  3.8933878E-05
  3.9126693E-08  4.9307384E-04  0.1941710      0.5874638      0.2142592      3.6122284E-03  7.0611293E-07
  1.9508116E-05  1.7421675E-03  8.9737006E-02  0.5360913      0.3492188      2.3151398E-02  3.9778799E-05
  1.3182438E-06  5.0043869E-03  8.8353090E-02  0.3496721      0.5481486      8.8143600E-03  6.1424266E-06
  2.1740028E-09  2.2089809E-05  5.0901747E-03  0.1441306      0.5863487      0.2475847      1.6823685E-02
  1.0753786E-03  0.9989246    
  1.0676861E-04  0.1536740      0.8462192    
  1.4415631E-06  3.8060595E-03  0.2593297      0.6842692      5.2593611E-02  6.8229457E-15  9.9999997E-21
  2.9351961E-07  1.6179681E-03  0.2540740      0.6437177      9.7529620E-02  3.0603865E-03  4.1821016E-16
  8.2517590E-07  1.5978502E-03  0.3493984      0.5597600      8.7234527E-02  2.0023494E-03  6.0975372E-06
  1.9002390E-07  1.6988256E-03  0.4202887      0.4864389      9.0668119E-02  9.0519158E-04  1.0890386E-07
  8.7931294E-05  6.6257757E-03  0.2385055      0.5629061      0.1842489      7.6153348E-03  1.0414328E-05
  4.6749201E-06  1.4587959E-02  0.1600493      0.4557799      0.3656955      3.8800358E-03  2.5754575E-06
  1.4651377E-08  1.1731833E-04  1.9248305E-02  0.3111375      0.5571814      0.1085193      3.7961239E-03
  1.7767793E-03  0.9982232    
  6.8027707E-04  0.6654727      0.3338470    
  5.1530678E-06  9.0099527E-03  0.4182372      0.5666818      6.0658702E-03  8.0921626E-16  9.9999997E-21
  1.1348716E-06  4.0342533E-03  0.4158342      0.5627004      1.7244512E-02  1.8551061E-04  2.4309338E-17
  6.7046435E-06  6.6613266E-03  0.8603725      0.1285321      4.3843621E-03  4.2891123E-05  6.7939247E-08
  9.6427834E-07  5.5719027E-03  0.8588006      0.1288501      6.7459340E-03  3.0486230E-05  2.5103195E-09
  4.2937865E-04  2.9449282E-02  0.6731502      0.2703836      2.6005276E-02  5.8182597E-04  4.1132114E-07
  2.1449163E-05  5.0165109E-02  0.2990943      0.5728843      7.7465393E-02  3.6938812E-04  1.0006598E-07
  1.0782352E-07  6.5723591E-04  7.1218483E-02  0.5545686      0.3601358      1.3299509E-02  1.2028372E-04
  3.4215937E-03  0.9965784    
  1.5600310E-03  0.9759840      2.2455964E-02
  1.7846734E-05  1.9072907E-02  0.5682642      0.4123262      3.1883936E-04  4.3378986E-17  9.9999997E-21
  4.4586918E-06  9.4041284E-03  0.5525706      0.4367246      1.2935521E-03  2.6016378E-06  3.3370904E-19
  3.5254743E-05  1.4914422E-02  0.9775555      7.4665477E-03  2.8265020E-05  7.6499852E-08  5.4406257E-11
  2.5464931E-06  9.2695607E-03  0.9811572      9.5019899E-03  6.8576650E-05  1.1480679E-07  5.3124363E-12
  1.1269603E-03  6.6185594E-02  0.9042175      2.8002391E-02  4.6297151E-04  4.6320788E-06  9.7641517E-10
