   0.000000       0.000000    
   0.000000       0.000000       0.000000    
   0.000000       0.000000       0.000000       0.000000       0.000000       0.000000       0.000000    
   0.000000       0.000000       0.000000       0.000000       0.000000       0.000000       0.000000    
   0.000000       0.000000       0.000000       0.000000       0.000000       0.000000       0.000000    
   0.000000       0.000000       0.000000       0.000000       0.000000       0.000000       0.000000    
   0.000000       0.000000       0.000000       0.000000       0.000000       0.000000       0.000000    
   0.000000       0.000000       0.000000       0.000000       0.000000       0.000000       0.000000    
   0.000000       0.000000       0.000000       0.000000       0.000000       0.000000       0.000000    
   0.000000       0.000000    
   0.000000       0.000000       0.000000    
   0.000000       0.000000       0.000000       0.000000       0.000000       0.000000       0.000000    
   0.000000       0.000000       0.000000       0.000000       0.000000       0.000000       0.000000    
   0.000000       0.000000       0.000000       0.000000       0.000000       0.000000       0.000000    
   0.000000       0.000000       0.000000       0.000000       0.000000       0.000000       0.000000    
   0.000000       0.000000       0.000000       0.000000       0.000000       0.000000       0.000000    
   0.000000       0.000000       0.000000       0.000000       0.000000       0.000000       0.000000    
   0.000000       0.000000       0.000000       0.000000       0.000000       0.000000       0.000000    
   0.000000       0.000000    
   0.000000       0.000000       0.000000    
   0.000000       0.000000       0.000000       0.000000       0.000000       0.000000       0.000000    
   0.000000       0.000000       0.000000       0.000000       0.000000       0.000000       0.000000    
   0.000000       0.000000       0.000000       0.000000       0.000000       0.000000       0.000000    
   0.000000       0.000000       0.000000       0.000000       0.000000       0.000000       0.000000    
   0.000000       0.000000       0.000000       0.000000       0.000000       0.000000       0.000000    
   0.000000       0.000000       0.000000       0.000000       0.000000       0.000000       0.000000    
   0.000000       0.000000       0.000000       0.000000       0.000000       0.000000       0.000000    
   0.000000       0.000000    
   0.000000       0.000000       0.000000    
   0.000000       0.000000       0.000000       0.000000       0.000000       0.000000       0.000000    
   0.000000       0.000000       0.000000       0.000000       0.000000       0.000000       0.000000    
   0.000000       0.000000       0.000000       0.000000       0.000000       0.000000       0.000000    
   0.000000       0.000000       0.000000       0.000000       0.000000       0.000000       0.000000    
   0.000000       0.000000       0.000000       0.000000       0.000000       0.000000       0.000000    
   0.000000       0.000000       0.000000       0.000000       0.000000       0.000000       0.000000    
   0.000000       0.000000       0.000000       0.000000       0.000000       0.000000       0.000000    
  3.1129792E-04  0.9996887    
  2.6316247E-06  1.2370363E-02  0.9876270    
  1.4767157E-08  1.3418784E-04  3.0386556E-02  0.4865334      0.4829458      6.0885304E-14  9.9999997E-21
  1.7066537E-09  3.3381024E-05  1.9298235E-02  0.3392775      0.5173128      0.1240780      1.5505257E-14
  1.2641438E-09  1.5045945E-05  1.2896280E-02  0.3696277      0.5355887      8.0607772E-02  1.2644993E-03
  6.0774302E-10  1.8542585E-05  2.3252470E-02  0.3615154      0.5822424      3.2951683E-02  1.9528263E-05
  1.5042590E-07  3.5336940E-05  4.4499738E-03  0.1937198      0.6575773      0.1438018      4.1565279E-04
  8.8338922E-08  5.5331946E-04  3.7529603E-02  0.3851855      0.5606749      1.6023230E-02  3.3402779E-05
  6.1417382E-12  1.9954011E-07  1.2166539E-04  1.2927349E-02  0.2846125      0.5511999      0.1511383    
  4.5050506E-04  0.9995495    
  6.6217590E-06  2.0930775E-02  0.9790626    
  6.5133143E-08  4.0068539E-04  6.0993262E-02  0.6068875      0.3317185      4.1864044E-14  9.9999997E-21
  8.9229344E-09  1.1531904E-04  4.4962879E-02  0.4841350      0.4135919      5.7194959E-02  7.1548297E-15
  8.0289020E-09  5.5618206E-05  3.2266539E-02  0.5112553      0.4199863      3.6122482E-02  3.1374063E-04
  3.6015138E-09  7.3684816E-05  5.7999145E-02  0.4883324      0.4391929      1.4396822E-02  5.0718877E-06
  1.1256425E-06  1.8683016E-04  1.5522986E-02  0.3280239      0.5854106      7.0714101E-02  1.4047192E-04
  3.6370312E-07  1.6929505E-03  6.9402233E-02  0.4859924      0.4354322      7.4698008E-03  1.0093541E-05
  6.4145807E-11  1.4099020E-06  5.5712659E-04  3.5595085E-02  0.4243361      0.4661691      7.3341161E-02
  6.1778305E-04  0.9993822    
  1.6190639E-05  3.6859941E-02  0.9631239    
  2.2739192E-07  1.0060506E-03  0.1100007      0.6837960      0.2051970      2.5940008E-14  9.9999997E-21
  3.5728025E-08  3.2423803E-04  9.0029016E-02  0.5957347      0.2900369      2.3875210E-02  2.9916884E-15
  4.1792809E-08  1.8039971E-04  7.3626816E-02  0.6177322      0.2928126      1.5564417E-02  8.3563842E-05
  1.7208688E-08  2.4950074E-04  0.1262636      0.5736655      0.2938505      5.9693246E-03  1.4945365E-06
  5.9263230E-06  7.5578841E-04  4.3916900E-02  0.4615685      0.4592408      3.4461070E-02  5.0955969E-05
  1.1613049E-06  4.3487712E-03  0.1126608      0.5633608      0.3158243      3.7998634E-03  4.3453006E-06
  4.9526816E-10  7.7693976E-06  2.1256416E-03  8.4040731E-02  0.5403516      0.3418982      3.1576041E-02
  8.8591909E-04  0.9991141    
  4.7851361E-05  8.0052935E-02  0.9198992    
  7.6556728E-07  2.4049990E-03  0.1926234      0.7058660      9.9104844E-02  1.2579700E-14  9.9999997E-21
  1.3512815E-07  8.7356218E-04  0.1726744      0.6555966      0.1631484      7.7069784E-03  9.6968279E-16
  2.5189158E-07  6.5844745E-04  0.1854597      0.6480920      0.1604861      5.2838735E-03  1.9600961E-05
  8.2116124E-08  8.5320522E-04  0.2730881      0.5671799      0.1568810      1.9973207E-03  3.6596066E-07
  3.0789928E-05  3.0425815E-03  0.1260677      0.5664859      0.2888468      1.5506227E-02  1.9998795E-05
  3.5850769E-06  1.0774677E-02  0.1713157      0.6105716      0.2053473      1.9852510E-03  1.8054767E-06
  3.9384327E-09  4.3409713E-05  8.4146271E-03  0.1947037      0.5940194      0.1930973      9.7215967E-03
  1.3933918E-03  0.9986066    
  2.7618604E-04  0.3342362      0.6654876    
  2.7603596E-06  5.8833626E-03  0.3388353      0.6330304      2.2248220E-02  2.8881130E-15  9.9999997E-21
  5.5917002E-07  2.4771190E-03  0.3302975      0.6175652      4.8650514E-02  1.0091403E-03  1.2984959E-16
  2.4043129E-06  3.4036692E-03  0.6034104      0.3622169      3.0413114E-02  5.5222417E-04  1.2142058E-06
  4.5735126E-07  3.3184907E-03  0.6397535      0.3213792      3.5289150E-02  2.5917485E-04  3.4435839E-08
  1.8727925E-04  1.4163834E-02  0.4050297      0.4765113      0.1008886      3.2158766E-03  3.4520381E-06
  1.1556784E-05  2.8937578E-02  0.2503622      0.6099669      0.1099015      8.1973849E-04  4.6506787E-07
  3.7714884E-08  2.7359667E-04  3.7332490E-02  0.4369592      0.4760118      4.8443083E-02  9.7978569E-04
  2.4635787E-03  0.9975364    
  1.0546547E-03  0.9081143      9.0831026E-02
  8.6750179E-06  1.1809980E-02  0.4822217      0.5045709      1.3887426E-03  1.8986893E-16  9.9999997E-21
  1.9482086E-06  5.7618539E-03  0.4803323      0.5092784      4.6050698E-03  2.0483158E-05  2.7758703E-18
  1.4325305E-05  9.5932912E-03  0.9605161      2.9555807E-02  3.1869925E-04  1.8090836E-06  1.6516273E-09
  1.3971866E-06  7.0775081E-03  0.9572560      3.5000715E-02  6.6234259E-04  2.0321133E-06  1.3239779E-10
  7.4277114E-04  4.4508282E-02  0.8622520      8.9019440E-02  3.4321568E-03  4.5329802E-05  3.0512862E-08
  3.7253132E-05  8.1481673E-02  0.3241955      0.5377253      5.6313228E-02  2.4699385E-04  7.0692252E-08
  2.6574298E-07  1.1813095E-03  0.1145498      0.6216412      0.2596104      3.0069295E-03  1.0110291E-05
  5.0158990E-03  0.9949841    
  1.8927165E-03  0.9888994      9.2079416E-03
  3.1435135E-05  2.5763961E-02  0.6430373      0.3311029      6.4363441E-05  8.8872897E-18  9.9999997E-21
  9.0149442E-06  1.4817345E-02  0.6318783      0.3530352      2.5999697E-04  1.6296617E-07  2.2304764E-20
  8.2629362E-05  2.1655992E-02  0.9761162      2.1428945E-03  2.2566942E-06  2.8762059E-09  9.9342637E-13
  3.3364595E-06  1.0535211E-02  0.9873196      2.1372605E-03  4.5256475E-06  3.8941597E-09  1.4368385E-13
  1.8378509E-03  8.2105115E-02  0.9104654      5.5659702E-03  2.5586121E-05  1.2937468E-07  7.3868786E-11
  1.4920546E-04  0.2580170      0.3555041      0.3667335      1.9540602E-02  5.5680946E-05  1.5608162E-08
  2.0925115E-06  5.4350346E-03  0.2930214      0.6073058      9.4126754E-02  1.0892793E-04  4.7578883E-08
  1.2625046E-02  0.9873750    
  3.8379021E-03  0.9953777      7.8439515E-04
  1.4034027E-04  6.3102297E-02  0.7935776      0.1431754      4.4019375E-06  6.1272964E-19  9.9999997E-21
  7.4793192E-05  5.4465096E-02  0.7786061      0.1668361      1.7960203E-05  1.8252595E-09  9.9999997E-21
  8.4855920E-04  6.8529896E-02  0.9304733      1.4816322E-04  3.0843523E-08  6.9030124E-12  9.1498701E-16
  1.0170497E-05  1.6847396E-02  0.9828935      2.4886869E-04  5.7769160E-08  1.1236371E-11  2.6617703E-16
  4.5598736E-03  0.1618381      0.8331575      4.4439000E-04  1.6284869E-07  3.7474018E-10  1.2383306E-13
  4.3231196E-04  0.6839065      0.2068245      0.1068086      2.0243453E-03  3.6964232E-06  1.0445321E-09
  1.8195306E-05  2.6181014E-02  0.6207215      0.3388046      1.4271136E-02  3.6128235E-06  3.4241784E-10
  0.1104246      0.8895754    
  2.8566487E-02  0.9713322      1.0134708E-04
  2.9206034E-03  0.3722285      0.6212785      3.5724237E-03  4.2873829E-09  9.9999997E-21  9.9999997E-21
  1.0012123E-02  0.7491149      0.2390687      1.8041945E-03  6.5275247E-09  1.8091153E-13  9.9999997E-21
  0.1114061      0.6956885      0.1929047      6.9871800E-07  1.5427073E-11  9.4812845E-16  3.8466338E-20
  3.1680518E-04  7.6549128E-02  0.9231286      5.4671978E-06  2.8721605E-11  1.6431161E-15  1.5759720E-20
  3.6314074E-02  0.5765111      0.3871705      4.3451564E-06  4.8831283E-11  3.5308812E-14  4.0258103E-18
  1.2277622E-03  0.9938191      4.8131491E-03  1.3988573E-04  8.2078444E-08  6.0890328E-11  1.6075568E-15
  5.1561045E-04  0.2601410      0.7314407      7.8941686E-03  8.4457761E-06  4.3933854E-10  8.1885597E-15
   0.000000       0.000000    
   0.000000       0.000000       0.000000    
   0.000000       0.000000       0.000000       0.000000       0.000000       0.000000       0.000000    
   0.000000       0.000000       0.000000       0.000000       0.000000       0.000000       0.000000    
   0.000000       0.000000       0.000000       0.000000       0.000000       0.000000       0.000000    
   0.000000       0.000000       0.000000       0.000000       0.000000       0.000000       0.000000    
   0.000000       0.000000       0.000000       0.000000       0.000000       0.000000       0.000000    
   0.000000       0.000000       0.000000       0.000000       0.000000       0.000000       0.000000    
   0.000000       0.000000       0.000000       0.000000       0.000000       0.000000       0.000000    
   0.000000       0.000000    
   0.000000       0.000000       0.000000    
   0.000000       0.000000       0.000000       0.000000       0.000000       0.000000       0.000000    
   0.000000       0.000000       0.000000       0.000000       0.000000       0.000000       0.000000    
   0.000000       0.000000       0.000000       0.000000       0.000000       0.000000       0.000000    
   0.000000       0.000000       0.000000       0.000000       0.000000       0.000000       0.000000    
   0.000000       0.000000       0.000000       0.000000       0.000000       0.000000       0.000000    
   0.000000       0.000000       0.000000       0.000000       0.000000       0.000000       0.000000    
   0.000000       0.000000       0.000000       0.000000       0.000000       0.000000       0.000000    
   0.000000       0.000000    
   0.000000       0.000000       0.000000    
   0.000000       0.000000       0.000000       0.000000       0.000000       0.000000       0.000000    
   0.000000       0.000000       0.000000       0.000000       0.000000       0.000000       0.000000    
   0.000000       0.000000       0.000000       0.000000       0.000000       0.000000       0.000000    
   0.000000       0.000000       0.000000       0.000000       0.000000       0.000000       0.000000    
   0.000000       0.000000       0.000000       0.000000       0.000000       0.000000       0.000000    
   0.000000       0.000000       0.000000       0.000000       0.000000       0.000000       0.000000    
   0.000000       0.000000       0.000000       0.000000       0.000000       0.000000       0.000000    
  2.2573807E-04  0.9997743    
  1.1659408E-06  8.1420252E-03  0.9918568    
  3.4714622E-09  4.5366858E-05  1.5239204E-02  0.3743403      0.6103751      7.6903700E-14  9.9999997E-21
  3.2688927E-10  9.5676596E-06  8.2661258E-03  0.2237092      0.5569313      0.2110839      2.6361832E-14
  2.2382582E-10  4.3849159E-06  5.5306209E-03  0.2522468      0.5942051      0.1444041      3.6089076E-03
  1.1478201E-10  5.2173723E-06  1.0049671E-02  0.2584696      0.6725526      5.8864392E-02  5.8520553E-05
  2.2626780E-08  7.6502756E-06  1.4494803E-03  0.1144692      0.6641580      0.2185755      1.3401289E-03
  2.0546574E-08  1.7899684E-04  1.9378223E-02  0.2918635      0.6580338      3.0443773E-02  1.0175227E-04
  6.8311741E-13  3.1799406E-08  2.9322842E-05  4.9178745E-03  0.1800484      0.5635574      0.2514469    
  3.3701211E-04  0.9996630    
  3.1897341E-06  1.3965824E-02  0.9860310    
  1.9843181E-08  1.6687048E-04  3.5172004E-02  0.5130718      0.4515893      5.6943091E-14  9.9999997E-21
  2.3743447E-09  4.3057571E-05  2.3420494E-02  0.3729461      0.5005639      0.1030264      1.2877045E-14
  1.8653656E-09  2.0094840E-05  1.6065421E-02  0.4011036      0.5129819      6.8873249E-02  9.5577870E-04
  8.9105434E-10  2.5327461E-05  2.9009541E-02  0.3973377      0.5474884      2.6125282E-02  1.3710728E-05
  2.2903049E-07  5.1175110E-05  5.9808353E-03  0.2228547      0.6535050      0.1172631      3.4508624E-04
  1.1229520E-07  6.8265240E-04  4.2259447E-02  0.4053577      0.5381376      1.3535135E-02  2.7262480E-05
  1.0043873E-11  3.0202261E-07  1.6862643E-04  1.6240371E-02  0.3149257      0.5372817      0.1313833    
  4.7645194E-04  0.9995235    
  7.6430324E-06  2.3059389E-02  0.9769329    
  7.9802803E-08  4.6444059E-04  6.7420401E-02  0.6221333      0.3099817      3.9129568E-14  9.9999997E-21
  1.1257627E-08  1.3770199E-04  5.1309098E-02  0.5113903      0.3901789      4.6984084E-02  5.8788152E-15
  1.0743957E-08  6.9270849E-05  3.7878774E-02  0.5360443      0.3937351      3.2001521E-02  2.7102901E-04
  4.7467350E-09  9.2216382E-05  6.7699090E-02  0.5166925      0.4039626      1.1550067E-02  3.6195156E-06
  1.5010029E-06  2.4243894E-04  1.9067444E-02  0.3531231      0.5662832      6.1185885E-02  9.6474621E-05
  4.2318555E-07  1.9749077E-03  7.5292289E-02  0.4989088      0.4171611      6.6536134E-03  8.8570168E-06
  9.2583011E-11  1.9155530E-06  7.0893025E-04  4.1896153E-02  0.4520944      0.4423847      6.2913872E-02
  6.6520745E-04  0.9993348    
  1.8452703E-05  4.0716935E-02  0.9592646    
  2.6848534E-07  1.1195568E-03  0.1185732      0.6908983      0.1894087      2.3953629E-14  9.9999997E-21
  4.2612353E-08  3.6896399E-04  9.9004835E-02  0.6130052      0.2680329      1.9588102E-02  2.4554657E-15
  5.4567106E-08  2.1755883E-04  8.4546477E-02  0.6314471      0.2699154      1.3802677E-02  7.0733127E-05
  2.1081028E-08  2.9470210E-04  0.1418165      0.5857165      0.2672861      4.8851850E-03  9.2582764E-07
  7.7784753E-06  9.5202058E-04  5.2998241E-02  0.4820493      0.4357989      2.8169597E-02  2.4125904E-05
  1.3487908E-06  4.9253586E-03  0.1189493      0.5705232      0.3025162      3.0824454E-03  2.2105041E-06
  6.8715778E-10  1.0052466E-05  2.6146281E-03  9.5988192E-02  0.5577536      0.3168527      2.6780844E-02
  9.2519267E-04  0.9990748    
  5.6045181E-05  9.0449907E-02  0.9094940    
  8.7559482E-07  2.6346482E-03  0.2034074      0.7051421      8.8814981E-02  1.1284167E-14  9.9999997E-21
  1.5634272E-07  9.6761779E-04  0.1845100      0.6606436      0.1474794      6.3992692E-03  8.0590489E-16
  3.1653471E-07  7.7830959E-04  0.2095070      0.6408443      0.1442710      4.5841131E-03  1.5001283E-05
  9.6994761E-08  9.7192766E-04  0.2988105      0.5556828      0.1428589      1.6755705E-03  2.2261783E-07
  3.7369526E-05  3.5740046E-03  0.1421013      0.5661287      0.2760698      1.2082976E-02  5.8569485E-06
  3.9425804E-06  1.1916985E-02  0.1782800      0.6117085      0.1966214      1.4683080E-03  8.1881535E-07
  5.1163056E-09  5.3556389E-05  9.8199118E-03  0.2135125      0.5954708      0.1728454      8.2978932E-03
  1.4222986E-03  0.9985777    
  3.2910748E-04  0.3869442      0.6127267    
  3.0156436E-06  6.2450673E-03  0.3486219      0.6273119      1.7818091E-02  2.3236970E-15  9.9999997E-21
  6.1707874E-07  2.6566214E-03  0.3428582      0.6123274      4.1360278E-02  7.9686817E-04  1.0300895E-16
  2.8367085E-06  3.8694364E-03  0.6608441      0.3121496      2.2767922E-02  3.6543293E-04  7.1439257E-07
  5.1865464E-07  3.6585936E-03  0.6883596      0.2794238      2.8374417E-02  1.8308865E-04  1.3720012E-08
  2.1387893E-04  1.6141897E-02  0.4490342      0.4457734      8.6546071E-02  2.2896198E-03  9.6406882E-07
  1.1860716E-05  3.1102164E-02  0.2568012      0.6054547      0.1061518      4.7799404E-04  2.9971218E-07
  4.4523041E-08  3.1497423E-04  4.1023873E-02  0.4574511      0.4616775      3.8807809E-02  7.2468253E-04
  2.5932728E-03  0.9974067    
  1.1150967E-03  0.9231141      7.5770840E-02
  9.3651215E-06  1.2474484E-02  0.4891876      0.4972795      1.0490987E-03  1.4364690E-16  9.9999997E-21
  2.1721869E-06  6.1011580E-03  0.4868674      0.5032645      3.7488672E-03  1.5892756E-05  2.1569955E-18
  1.6367574E-05  1.0198884E-02  0.9666178      2.2954723E-02  2.1123704E-04  9.9675754E-07  6.8611089E-10
  1.4770559E-06  7.2379503E-03  0.9651337      2.7149525E-02  4.7637601E-04  9.5607447E-07  2.6863135E-11
  7.7426789E-04  4.7405254E-02  0.8758184      7.3468059E-02  2.5111833E-03  2.2834331E-05  5.6855476E-09
  4.0272113E-05  8.9326523E-02  0.3280808      0.5286589      5.3796772E-02  9.6620439E-05  4.3082785E-08
  3.1347653E-07  1.3630500E-03  0.1229827      0.6264433      0.2468753      2.3279418E-03  7.3380784E-06
  5.2975365E-03  0.9947025    
  1.9456279E-03  0.9930523      5.0020642E-03
  3.4007640E-05  2.6596386E-02  0.6467144      0.3265958      5.9488233E-05  8.2194770E-18  9.9999997E-21
  1.0059183E-05  1.5901793E-02  0.6365067      0.3473451      2.3629837E-04  1.5826662E-07  2.1675670E-20
  9.4813309E-05  2.3177812E-02  0.9753090      1.4170278E-03  1.4165687E-06  1.6263992E-09  3.5870834E-13
  3.5007829E-06  1.0725832E-02  0.9872886      1.9782926E-03  3.7779537E-06  1.8732991E-09  1.3346147E-14
  1.8855557E-03  8.5096046E-02  0.9080771      4.9216007E-03  1.9693933E-05  5.8959888E-08  4.6678555E-12
  1.5575658E-04  0.2803279      0.3518556      0.3496736      1.7977426E-02  9.7060692E-06  1.5330482E-09
  2.3379891E-06  5.7703634E-03  0.3094015      0.5971469      8.7585732E-02  9.3107366E-05  3.7657657E-08
  1.4177446E-02  0.9858226    
  4.0779952E-03  0.9946465      1.2754879E-03
  1.6320335E-04  6.8019047E-02  0.8005094      0.1313036      4.7628328E-06  6.6390814E-19  9.9999997E-21
  9.5517098E-05  6.4412631E-02  0.7842458      0.1512275      1.8534643E-05  3.3157139E-09  9.9999997E-21
  1.1536615E-03  8.1245333E-02  0.9174155      1.8546046E-04  4.7797190E-08  1.4794348E-11  8.4796733E-16
  1.1417732E-05  1.7566266E-02  0.9821373      2.8495866E-04  7.6254892E-08  1.1988277E-11  5.0884128E-17
  4.9929363E-03  0.1717671      0.8227628      4.7686000E-04  2.0837103E-07  2.0021940E-10  1.0553028E-14
  4.6038252E-04  0.7295259      0.1833680      8.5212782E-02  1.4325014E-03  4.7790667E-07  5.1110984E-11
  2.1227985E-05  2.9009549E-02  0.6600759      0.3000377      1.0852451E-02  3.1786476E-06  3.5313297E-10
  0.1380824      0.8619177    
  3.9157268E-02  0.9607463      9.6365453E-05
  3.8476565E-03  0.4512876      0.5428774      1.9872754E-03  1.3871876E-09  9.9999997E-21  9.9999997E-21
  1.6112898E-02  0.8322156      0.1509466      7.2485505E-04  1.4165984E-09  2.7117553E-14  9.9999997E-21
  0.1524189      0.7306970      0.1168839      2.4484839E-07  3.5003146E-12  1.4542542E-16  9.9999997E-21
  5.3523236E-04  9.4635181E-02  0.9048265      3.1422960E-06  9.5982146E-12  7.1848921E-17  9.9999997E-21
  4.2298563E-02  0.6451161      0.3125836      1.7610984E-06  9.8449929E-12  9.3154629E-16  1.1138272E-20
  1.2753959E-03  0.9959131      2.7620944E-03  4.9400573E-05  1.8307057E-08  1.8184638E-12  4.4118250E-17
  6.6776981E-04  0.3231747      0.6718571      4.2975824E-03  2.8496499E-06  8.7791802E-11  1.0162239E-15
   0.000000       0.000000    
   0.000000       0.000000       0.000000    
   0.000000       0.000000       0.000000       0.000000       0.000000       0.000000       0.000000    
   0.000000       0.000000       0.000000       0.000000       0.000000       0.000000       0.000000    
   0.000000       0.000000       0.000000       0.000000       0.000000       0.000000       0.000000    
   0.000000       0.000000       0.000000       0.000000       0.000000       0.000000       0.000000    
   0.000000       0.000000       0.000000       0.000000       0.000000       0.000000       0.000000    
   0.000000       0.000000       0.000000       0.000000       0.000000       0.000000       0.000000    
   0.000000       0.000000       0.000000       0.000000       0.000000       0.000000       0.000000    
   0.000000       0.000000    
   0.000000       0.000000       0.000000    
   0.000000       0.000000       0.000000       0.000000       0.000000       0.000000       0.000000    
   0.000000       0.000000       0.000000       0.000000       0.000000       0.000000       0.000000    
   0.000000       0.000000       0.000000       0.000000       0.000000       0.000000       0.000000    
   0.000000       0.000000       0.000000       0.000000       0.000000       0.000000       0.000000    
   0.000000       0.000000       0.000000       0.000000       0.000000       0.000000       0.000000    
   0.000000       0.000000       0.000000       0.000000       0.000000       0.000000       0.000000    
   0.000000       0.000000       0.000000       0.000000       0.000000       0.000000       0.000000    
   0.000000       0.000000    
   0.000000       0.000000       0.000000    
   0.000000       0.000000       0.000000       0.000000       0.000000       0.000000       0.000000    
   0.000000       0.000000       0.000000       0.000000       0.000000       0.000000       0.000000    
   0.000000       0.000000       0.000000       0.000000       0.000000       0.000000       0.000000    
   0.000000       0.000000       0.000000       0.000000       0.000000       0.000000       0.000000    
   0.000000       0.000000       0.000000       0.000000       0.000000       0.000000       0.000000    
   0.000000       0.000000       0.000000       0.000000       0.000000       0.000000       0.000000    
   0.000000       0.000000       0.000000       0.000000       0.000000       0.000000       0.000000    
  2.7143172E-04  0.9997286    
  1.8345105E-06  1.0220725E-02  0.9897774    
  7.8686933E-09  8.3733044E-05  2.2457320E-02  0.4363440      0.5411150      6.8198539E-14  9.9999997E-21
  8.3297835E-10  1.9333715E-05  1.3330908E-02  0.2848658      0.5413237      0.1604602      2.0045785E-14
  5.9464222E-10  8.7769922E-06  8.9121228E-03  0.3153530      0.5680826      0.1054606      2.1828059E-03
  2.9004110E-10  1.0525055E-05  1.5999669E-02  0.3106211      0.6291801      4.4151701E-02  3.6866073E-05
  6.3946338E-08  1.7676351E-05  2.6494300E-03  0.1500194      0.6614879      0.1848825      9.4296440E-04
  4.6035105E-08  3.3779276E-04  2.8172655E-02  0.3422195      0.6054518      2.3773251E-02  4.4989429E-05
  2.3810554E-12  9.0196437E-08  6.5418273E-05  8.5161207E-03  0.2359354      0.5625919      0.1928911    
  3.8121350E-04  0.9996188    
  4.3608243E-06  1.6652657E-02  0.9833430    
  3.3403239E-08  2.4581118E-04  4.5154925E-02  0.5573076      0.3972917      5.0113847E-14  9.9999997E-21
  4.2384261E-09  6.6428198E-05  3.1449925E-02  0.4224955      0.4647139      8.1274293E-02  1.0161824E-14
  3.5345562E-09  3.1601368E-05  2.2050556E-02  0.4515877      0.4742621      5.1459808E-02  6.0826651E-04
  1.6450405E-09  4.0631854E-05  3.9420731E-02  0.4344864      0.5058244      2.0217383E-02  1.0365106E-05
  4.5081612E-07  8.9178771E-05  9.0023037E-03  0.2607452      0.6288899      0.1009917      2.8129146E-04
  1.8143271E-07  1.0103212E-03  5.2670687E-02  0.4415728      0.4933431      1.1391094E-02  1.1781138E-05
  2.2790625E-11  5.9804739E-07  2.8745088E-04  2.3212438E-02  0.3651455      0.5091173      0.1022367    
  5.2582269E-04  0.9994742    
  1.0075479E-05  2.7527627E-02  0.9724623    
  1.1816089E-07  6.2245462E-04  8.1746429E-02  0.6491674      0.2684637      3.3904794E-14  9.9999997E-21
  1.7212201E-08  1.8956428E-04  6.3926689E-02  0.5456380      0.3529941      3.7251558E-02  4.6632658E-15
  1.7805517E-08  9.9548008E-05  4.8986882E-02  0.5702707      0.3569763      2.3494074E-02  1.7239126E-04
  7.6604323E-09  1.3414581E-04  8.5529909E-02  0.5384437      0.3667682      9.1212988E-03  2.7367478E-06
  2.5443424E-06  3.7469988E-04  2.6527770E-02  0.3958150      0.5261250      5.1072787E-02  8.2308667E-05
  6.1490272E-07  2.6317746E-03  8.7766193E-02  0.5256393      0.3786809      5.2759470E-03  5.2875484E-06
  1.7258499E-10  3.2368484E-06  1.0741897E-03  5.4753177E-02  0.4871412      0.4074152      4.9613066E-02
  7.1260188E-04  0.9992874    
  2.4831426E-05  5.0267026E-02  0.9497082    
  3.6691881E-07  1.4293706E-03  0.1388433      0.7018235      0.1579035      1.9987357E-14  9.9999997E-21
  6.0431717E-08  4.8246019E-04  0.1190985      0.6336706      0.2318363      1.4912121E-02  1.8709969E-15
  8.6042455E-08  3.0693330E-04  0.1089321      0.6471360      0.2335139      1.0060080E-02  5.0884948E-05
  3.2315064E-08  4.1392114E-04  0.1748839      0.5869776      0.2338946      3.8291949E-03  7.6868849E-07
  1.1790330E-05  1.3713983E-03  7.0371054E-02  0.5172253      0.3858519      2.5140963E-02  2.7553764E-05
  1.7418647E-06  6.1530797E-03  0.1335541      0.5870868      0.2705876      2.6153713E-03  1.3764673E-06
  1.1487041E-09  1.5855760E-05  3.7531345E-03  0.1206536      0.5788280      0.2767052      2.0044236E-02
  1.0175374E-03  0.9989825    
  8.6335393E-05  0.1291166      0.8707970    
  1.2041679E-06  3.3622489E-03  0.2399164      0.6926647      6.4055420E-02  8.1663988E-15  9.9999997E-21
  2.2362613E-07  1.2780825E-03  0.2232031      0.6567991      0.1145722      4.1473163E-03  5.2409740E-16
  5.6028460E-07  1.2095545E-03  0.2924176      0.5973979      0.1061414      2.8242334E-03  8.7300132E-06
  1.5396463E-07  1.4158904E-03  0.3778854      0.5129099      0.1067147      1.0737864E-03  1.1919943E-07
  5.6684825E-05  5.2160230E-03  0.1913506      0.5724533      0.2219833      8.9331968E-03  6.8488630E-06
  5.1262832E-06  1.5039566E-02  0.1981196      0.6178114      0.1681350      8.8904588E-04  2.4038627E-07
  8.8208516E-09  8.5948057E-05  1.4664265E-02  0.2704866      0.5797657      0.1299466      5.0508315E-03
  1.6068171E-03  0.9983932    
  5.3232093E-04  0.5768438      0.4226239    
  3.8905714E-06  7.4567860E-03  0.3834268      0.6000984      9.0141678E-03  1.1954576E-15  9.9999997E-21
  8.2593374E-07  3.2773851E-03  0.3823461      0.5911792      2.2914393E-02  2.8207098E-04  3.7079774E-17
  4.6861392E-06  5.4289405E-03  0.8079845      0.1788222      7.6638847E-03  9.5549658E-05  1.5349310E-07
  7.3643383E-07  4.7642486E-03  0.8120468      0.1724240      1.0710963E-02  5.3162301E-05  3.6724428E-09
  3.2522148E-04  2.3631046E-02  0.6027552      0.3304189      4.1929360E-02  9.3970238E-04  4.6498528E-07
  1.5754049E-05  3.9545093E-02  0.2772690      0.5912966      9.1541804E-02  3.3168998E-04  7.7752844E-08
  7.0453630E-08  4.6062694E-04  5.5704374E-02  0.5163238      0.4076510      1.9635538E-02  2.2455570E-04
  2.9113861E-03  0.9970886    
  1.2802604E-03  0.9661254      3.2594319E-02
  1.2021213E-05  1.4587311E-02  0.5217481      0.4632088      4.4371662E-04  6.1013517E-17  9.9999997E-21
  2.8975853E-06  7.3321066E-03  0.5182666      0.4727176      1.6768286E-03  3.9196693E-06  5.3424437E-19
  2.2441329E-05  1.1898224E-02  0.9780824      9.9521633E-03  4.4587920E-05  1.3918805E-07  9.7870656E-11
  1.8015304E-06  8.0546364E-03  0.9795856      1.2242558E-02  1.1525752E-04  1.8123427E-07  5.8424051E-12
  9.5790904E-04  5.4613549E-02  0.9088922      3.4815855E-02  7.1330200E-04  7.2071684E-06  1.9982769E-09
  5.3127860E-05  0.1120056      0.3422881      0.5005220      4.5043331E-02  8.7790511E-05  2.6926832E-08
  4.5939385E-07  1.8283200E-03  0.1492069      0.6394583      0.2085434      9.6110528E-04  1.5319121E-06
  6.2775011E-03  0.9937225    
  2.1848569E-03  0.9943290      3.4861711E-03
  4.4247168E-05  3.0864736E-02  0.6706856      0.2983693      3.6147048E-05  4.9997935E-18  9.9999997E-21
  1.4163433E-05  1.9555874E-02  0.6587245      0.3215617      1.4376374E-04  6.5070452E-08  9.9999997E-21
  1.4093924E-04  2.7765529E-02  0.9711934      8.9952390E-04  6.1755304E-07  4.7145310E-10  1.0464591E-13
  4.1242247E-06  1.1408790E-02  0.9873383      1.2472575E-03  1.5169236E-06  5.9484900E-10  8.5270138E-15
  2.2256412E-03  9.5621541E-02  0.8992612      2.8848581E-03  6.6827010E-06  2.3044061E-08  3.7829037E-12
  1.9974366E-04  0.3454040      0.3371223      0.3035921      1.3670107E-02  1.1676802E-05  3.6142700E-09
  3.5751902E-06  7.9254126E-03  0.3603347      0.5630704      6.8614945E-02  5.1026378E-05  1.4406758E-08
  1.5535910E-02  0.9844641    
  4.8372722E-03  0.9943941      7.6863810E-04
  2.1122822E-04  8.0334894E-02  0.8018131      0.1176379      2.8385575E-06  3.9622370E-19  9.9999997E-21
  1.3713258E-04  7.8541823E-02  0.7837492      0.1375605      1.1323992E-05  1.4885336E-09  9.9999997E-21
  1.5537724E-03  9.5944881E-02  0.9023967      1.0460806E-04  1.8532754E-08  5.2881757E-12  4.9044097E-16
  1.4324805E-05  1.9119358E-02  0.9806842      1.8210287E-04  3.1317999E-08  4.7873936E-12  5.0344416E-17
  6.1178617E-03  0.1948012      0.7987723      3.0848122E-04  1.1442069E-07  1.8442622E-10  2.9017011E-14
  5.3242379E-04  0.7786218      0.1564970      6.3402265E-02  9.4587292E-04  6.7210038E-07  1.9914265E-10
  2.9263010E-05  3.8080428E-02  0.6907003      0.2627578      8.4304214E-03  1.8356000E-06  1.4859527E-10
  0.1935170      0.8064830    
  5.5191305E-02  0.9443774      4.3125634E-04
  4.8653046E-03  0.5398682      0.4543274      9.3909824E-04  8.5371876E-10  9.9999997E-21  9.9999997E-21
  2.7439373E-02  0.8928916      7.9453073E-02  2.1589048E-04  5.5937194E-10  2.0501623E-14  9.9999997E-21
  0.2265315      0.7164537      5.7014666E-02  1.5005375E-07  3.2152579E-12  2.5839309E-16  1.0265290E-20
  9.2122488E-04  0.1179611      0.8811138      3.8278331E-06  1.4653492E-11  8.3578678E-16  9.9999997E-21
  4.8845172E-02  0.7091891      0.2419639      1.8177087E-06  1.3629270E-11  9.2190727E-15  1.0493255E-18
  1.2703006E-03  0.9973733      1.3436676E-03  1.2766475E-05  2.5607894E-09  9.1053185E-13  1.9770503E-16
  8.3966611E-04  0.4132661      0.5839853      1.9082095E-03  7.0624691E-07  4.5022069E-11  1.0525849E-15
   0.000000       0.000000    
   0.000000       0.000000       0.000000    
   0.000000       0.000000       0.000000       0.000000       0.000000       0.000000       0.000000    
   0.000000       0.000000       0.000000       0.000000       0.000000       0.000000       0.000000    
   0.000000       0.000000       0.000000       0.000000       0.000000       0.000000       0.000000    
   0.000000       0.000000       0.000000       0.000000       0.000000       0.000000       0.000000    
   0.000000       0.000000       0.000000       0.000000       0.000000       0.000000       0.000000    
   0.000000       0.000000       0.000000       0.000000       0.000000       0.000000       0.000000    
   0.000000       0.000000       0.000000       0.000000       0.000000       0.000000       0.000000    
  2.2585093E-04  0.9997742    
  1.1580343E-06  8.1312247E-03  0.9918676    
  3.4375058E-09  4.4996526E-05  1.5196384E-02  0.3749707      0.6097879      7.6829466E-14  9.9999997E-21
  3.2682679E-10  9.5392661E-06  8.2422271E-03  0.2239262      0.5547783      0.2130437      2.6606509E-14
  2.2372214E-10  4.3810742E-06  5.5291876E-03  0.2519322      0.5908799      0.1477111      3.9432822E-03
  1.1327813E-10  5.1526122E-06  9.9394163E-03  0.2553286      0.6729976      6.1668660E-02  6.0565511E-05
  2.2191099E-08  7.5176881E-06  1.4196506E-03  0.1118196      0.6588119      0.2266551      1.2862191E-03
  2.0256358E-08  1.7849378E-04  1.9310938E-02  0.2914748      0.6589441      2.9997887E-02  9.3699498E-05
  6.8754502E-13  3.2002841E-08  2.9339362E-05  4.9286084E-03  0.1811284      0.5630992      0.2508144    
  2.7126400E-04  0.9997287    
  1.8514727E-06  1.0302684E-02  0.9896955    
  7.9318472E-09  8.4393905E-05  2.2606833E-02  0.4362020      0.5411068      6.8198214E-14  9.9999997E-21
  8.4446022E-10  1.9702569E-05  1.3559557E-02  0.2878307      0.5399786      0.1586114      1.9815016E-14
  6.0756228E-10  8.9631249E-06  9.0675103E-03  0.3173575      0.5648758      0.1065644      2.1258828E-03
  2.9474861E-10  1.0678235E-05  1.6139910E-02  0.3140706      0.6258882      4.3855406E-02  3.5136545E-05
  6.6095993E-08  1.8241122E-05  2.7468221E-03  0.1537448      0.6671866      0.1754618      8.4167311E-04
  4.6124534E-08  3.3988903E-04  2.8330952E-02  0.3434080      0.6051634      2.2703229E-02  5.4409498E-05
  2.4201316E-12  9.2357389E-08  6.6551365E-05  8.6157061E-03  0.2368041      0.5638934      0.1906202    
  3.4558872E-04  0.9996544    
  3.3266310E-06  1.4044697E-02  0.9859520    
  2.2164791E-08  1.8117040E-04  3.6810134E-02  0.5192829      0.4437258      5.5953414E-14  9.9999997E-21
  2.6819309E-09  4.6963662E-05  2.4532367E-02  0.3794506      0.4943580      0.1016121      1.2700692E-14
  2.0898618E-09  2.1527585E-05  1.6582286E-02  0.4084714      0.5069985      6.6937670E-02  9.8861835E-04
  9.8234998E-10  2.6915823E-05  2.9777307E-02  0.3951617      0.5471438      2.7875697E-02  1.4598017E-05
  2.5591484E-07  5.5391272E-05  6.2455949E-03  0.2219257      0.6431916      0.1281204      4.6102513E-04
  1.2586423E-07  7.4564246E-04  4.4489738E-02  0.4120795      0.5279301      1.4732161E-02  2.2720664E-05
  1.1672111E-11  3.4202296E-07  1.8481049E-04  1.7149707E-02  0.3220510      0.5339872      0.1266269    
  4.5160521E-04  0.9995484    
  6.8171757E-06  2.1295510E-02  0.9786977    
  6.7449960E-08  4.1455831E-04  6.2391158E-02  0.6088755      0.3283188      4.1436859E-14  9.9999997E-21
  9.3082937E-09  1.1905595E-04  4.6201956E-02  0.4889071      0.4097725      5.4999456E-02  6.8804935E-15
  8.4862828E-09  5.8217567E-05  3.3360906E-02  0.5156545      0.4156661      3.4916636E-02  3.4362474E-04
  3.7882768E-09  7.6642857E-05  5.9490100E-02  0.4922014      0.4338024      1.4423835E-02  5.5678975E-06
  1.1420673E-06  1.9199969E-04  1.5793506E-02  0.3258336      0.5821964      7.5796023E-02  1.8730738E-04
  3.5402357E-07  1.7320502E-03  7.0395693E-02  0.4879333      0.4315373      8.3906716E-03  1.0612026E-05
  6.8999730E-11  1.5146110E-06  5.8467721E-04  3.6835536E-02  0.4309965      0.4600317      7.1549989E-02
  5.9309183E-04  0.9994069    
  1.4578676E-05  3.4909807E-02  0.9650756    
  1.9291994E-07  8.9734618E-04  0.1031998      0.6817857      0.2141169      2.7062208E-14  9.9999997E-21
  3.0022843E-08  2.8581682E-04  8.4020749E-02  0.5915713      0.2985520      2.5570156E-02  3.2034337E-15
  3.5086213E-08  1.6178952E-04  6.9436535E-02  0.6131004      0.3012205      1.5983200E-02  9.7540680E-05
  1.4562568E-08  2.2201367E-04  0.1192308      0.5657191      0.3084430      6.3832388E-03  1.8057289E-06
  4.9679702E-06  6.6150108E-04  4.0360685E-02  0.4488195      0.4705166      3.9575562E-02  6.1186794E-05
  9.5401958E-07  3.8236754E-03  0.1059873      0.5552301      0.3311385      3.8181094E-03  1.3748534E-06
  3.9734069E-10  6.5300760E-06  1.8576728E-03  7.8132764E-02  0.5398445      0.3464511      3.3707444E-02
  8.1686710E-04  0.9991831    
  3.7734771E-05  6.8448909E-02  0.9315134    
  5.7818778E-07  1.9794831E-03  0.1719563      0.7077895      0.1182742      1.4996629E-14  9.9999997E-21
  9.9379335E-08  6.9736002E-04  0.1518692      0.6504527      0.1870615      9.9192439E-03  1.2466727E-15
  1.6960385E-07  5.0087634E-04  0.1549182      0.6520361      0.1863368      6.1831810E-03  2.4639003E-05
  5.7772738E-08  6.5403921E-04  0.2329858      0.5779213      0.1860807      2.3577122E-03  3.9646667E-07
  2.1788608E-05  2.3106879E-03  0.1041224      0.5594805      0.3166715      1.7375292E-02  1.7863853E-05
  2.5882111E-06  8.6310916E-03  0.1556478      0.6045627      0.2294915      1.6635673E-03  7.4493727E-07
  2.5461817E-09  3.0487998E-05  6.3098115E-03  0.1656581      0.5951066      0.2198642      1.3030752E-02
  1.1782994E-03  0.9988217    
  1.5804805E-04  0.2136062      0.7862357    
  1.8381045E-06  4.4942964E-03  0.2893269      0.6682880      3.7889015E-02  4.8665215E-15  9.9999997E-21
  3.5708217E-07  1.7995412E-03  0.2778469      0.6433542      7.4884102E-02  2.1148806E-03  2.6925348E-16
  1.2012722E-06  2.1273775E-03  0.4430005      0.4937776      5.9898637E-02  1.1915022E-03  3.2198309E-06
  2.7772222E-07  2.2755207E-03  0.5101472      0.4207595      6.6264719E-02  5.5274536E-04  6.7506456E-08
  1.0773937E-04  9.0129236E-03  0.2919881      0.5438520      0.1493801      5.6556626E-03  3.4005525E-06
  7.6539882E-06  2.0749206E-02  0.2241393      0.6181595      0.1361658      7.7823258E-04  3.3383861E-07
  1.9007580E-08  1.6085251E-04  2.4139745E-02  0.3556955      0.5380602      7.9691693E-02  2.2519408E-03
  1.9048926E-03  0.9980951    
  7.7646156E-04  0.7654734      0.2337501    
  5.4660636E-06  9.1840439E-03  0.4299186      0.5568434      4.0484415E-03  5.4612185E-16  9.9999997E-21
  1.1885642E-06  4.1697253E-03  0.4290130      0.5546376      1.2069427E-02  1.0913187E-04  1.4592288E-17
  7.6136844E-06  7.0880791E-03  0.9051915      8.5558526E-02  2.1359175E-03  1.8348281E-05  2.5339542E-08
  1.0046101E-06  5.8973734E-03  0.8990382      9.1135167E-02  3.9113392E-03  1.6943995E-05  1.2242752E-09
  4.7958962E-04  3.2404575E-02  0.7397740      0.2097776      1.7232541E-02  3.3154359E-04  1.4789420E-07
  2.2523627E-05  5.3243786E-02  0.2971649      0.5750592      7.4242659E-02  2.6682482E-04  3.8813400E-08
  1.2583875E-07  7.1147503E-04  7.6971792E-02  0.5739799      0.3391307      9.1379182E-03  6.8018264E-05
  3.5313938E-03  0.9964686    
  1.4891997E-03  0.9832268      1.5284000E-02
  1.7108498E-05  1.8041825E-02  0.5658860      0.4158467      2.0842715E-04  2.8722500E-17  9.9999997E-21
  4.3398691E-06  9.4629806E-03  0.5595531      0.4301539      8.2436221E-04  1.2047428E-06  1.6456307E-19
  3.5751356E-05  1.4739947E-02  0.9806234      4.5893416E-03  1.1549420E-05  2.9381729E-08  1.6174584E-11
  2.2665222E-06  8.9222277E-03  0.9849566      6.0872375E-03  3.1578162E-05  5.0101036E-08  1.7268217E-12
  1.1878991E-03  6.3536450E-02  0.9173580      1.7693637E-02  2.2221000E-04  1.7974940E-06  4.2395040E-10
