   0.000000       0.000000    
   0.000000       0.000000       0.000000    
   0.000000       0.000000       0.000000       0.000000       0.000000       0.000000       0.000000    
   0.000000       0.000000       0.000000       0.000000       0.000000       0.000000       0.000000    
   0.000000       0.000000       0.000000       0.000000       0.000000       0.000000       0.000000    
   0.000000       0.000000       0.000000       0.000000       0.000000       0.000000       0.000000    
   0.000000       0.000000       0.000000       0.000000       0.000000       0.000000       0.000000    
   0.000000       0.000000       0.000000       0.000000       0.000000       0.000000       0.000000    
   0.000000       0.000000       0.000000       0.000000       0.000000       0.000000       0.000000    
   0.000000       0.000000    
   0.000000       0.000000       0.000000    
   0.000000       0.000000       0.000000       0.000000       0.000000       0.000000       0.000000    
   0.000000       0.000000       0.000000       0.000000       0.000000       0.000000       0.000000    
   0.000000       0.000000       0.000000       0.000000       0.000000       0.000000       0.000000    
   0.000000       0.000000       0.000000       0.000000       0.000000       0.000000       0.000000    
   0.000000       0.000000       0.000000       0.000000       0.000000       0.000000       0.000000    
   0.000000       0.000000       0.000000       0.000000       0.000000       0.000000       0.000000    
   0.000000       0.000000       0.000000       0.000000       0.000000       0.000000       0.000000    
   0.000000       0.000000    
   0.000000       0.000000       0.000000    
   0.000000       0.000000       0.000000       0.000000       0.000000       0.000000       0.000000    
   0.000000       0.000000       0.000000       0.000000       0.000000       0.000000       0.000000    
   0.000000       0.000000       0.000000       0.000000       0.000000       0.000000       0.000000    
   0.000000       0.000000       0.000000       0.000000       0.000000       0.000000       0.000000    
   0.000000       0.000000       0.000000       0.000000       0.000000       0.000000       0.000000    
   0.000000       0.000000       0.000000       0.000000       0.000000       0.000000       0.000000    
   0.000000       0.000000       0.000000       0.000000       0.000000       0.000000       0.000000    
  1.1389129E-04  0.9998861    
  1.0497772E-05  6.7277141E-02  0.9327124    
  2.3890060E-08  6.3340884E-04  0.1855370      0.7522703      6.1559264E-02  4.5784279E-14  9.9999997E-21
  6.5906476E-09  2.9913525E-04  0.1675745      0.7933310      3.8742609E-02  5.2754240E-05  3.5368761E-17
  1.0246453E-08  3.1720829E-04  0.1603395      0.8060151      3.3304304E-02  2.3780762E-05  1.8277902E-17
  2.9811474E-08  9.8506815E-04  0.4548107      0.5376604      6.5437839E-03  1.4071895E-15  9.9999997E-21
  2.1694329E-06  1.7743011E-03  0.4600354      0.5320208      6.1673680E-03  7.3727272E-15  9.9999997E-21
  2.4470376E-08  6.1128719E-04  0.1011598      0.6136690      0.2845599      2.6567962E-13  9.9999997E-21
  2.1724128E-11  2.7395706E-06  3.0047684E-03  0.1443848      0.7832943      6.9033705E-02  2.7965542E-04
  1.9283850E-04  0.9998072    
  3.7854370E-05  0.1400789      0.8598833    
  1.1993735E-07  1.8410671E-03  0.3117341      0.6619737      2.4451075E-02  1.8299766E-14  9.9999997E-21
  3.3741653E-08  8.8098517E-04  0.2839510      0.6998045      1.5363513E-02  1.2750019E-14  9.9999997E-21
  6.7009523E-08  1.0811535E-03  0.3178017      0.6682745      1.2842548E-02  9.6310433E-15  9.9999997E-21
  1.3464006E-07  2.5563051E-03  0.6553365      0.3407835      1.3235821E-03  2.8641726E-16  9.9999997E-21
  9.5115302E-06  4.5013516E-03  0.6703712      0.3251179      6.2544978E-13  9.9999997E-21  9.9999997E-21
  1.4252349E-07  2.0807905E-03  0.1849394      0.6531790      0.1598007      1.5013701E-13  9.9999997E-21
  2.2218551E-10  1.6287129E-05  1.0319366E-02  0.2690800      0.6955308      2.5015283E-02  3.8285205E-05
  2.8952275E-04  0.9997105    
  1.3455801E-04  0.3256537      0.6742117    
  3.8705610E-07  3.8947391E-03  0.4317037      0.5553052      9.0959212E-03  6.9168791E-15  9.9999997E-21
  1.1711065E-07  1.9729561E-03  0.4060807      0.5878065      4.1397372E-03  3.4906715E-15  9.9999997E-21
  3.4136824E-07  3.2190846E-03  0.6021737      0.3915868      3.0200740E-03  2.3012068E-15  9.9999997E-21
  4.1297361E-07  5.0672810E-03  0.8118913      0.1828129      2.2813106E-04  5.0158972E-17  9.9999997E-21
  2.7586188E-05  8.6711990E-03  0.8313117      0.1599895      2.9421601E-13  9.9999997E-21  9.9999997E-21
  5.3047529E-07  5.1445807E-03  0.2747026      0.6249644      9.5187910E-02  9.0867133E-14  9.9999997E-21
  1.3275887E-09  6.3608029E-05  2.6574343E-02  0.4135051      0.5521393      7.7092610E-03  8.4206122E-06
  3.9184635E-04  0.9996082    
  4.5958554E-04  0.7791719      0.2203685    
  9.4954032E-07  6.9347266E-03  0.5400766      0.4508706      2.1170885E-03  1.6753883E-15  9.9999997E-21
  2.9626702E-07  3.6166597E-03  0.5189856      0.4765760      8.2144327E-04  7.2081980E-16  9.9999997E-21
  1.1732405E-06  7.1908203E-03  0.8986730      9.3886793E-02  2.4824394E-04  1.9684739E-16  9.9999997E-21
  9.8740088E-07  8.5593201E-03  0.9333053      5.8134403E-02  3.3862314E-14  9.9999997E-21  9.9999997E-21
  5.9818169E-05  1.3645964E-02  0.9473538      3.8940363E-02  6.9608897E-14  9.9999997E-21  9.9999997E-21
  1.4576028E-06  1.0269737E-02  0.3649810      0.5665359      5.8211885E-02  5.7829528E-14  9.9999997E-21
  5.3840825E-09  1.8795779E-04  5.5306826E-02  0.5426390      0.4000392      1.8268359E-03  1.3002945E-07
  5.2403781E-04  0.9994760    
  7.6027820E-04  0.9565070      4.2732678E-02
  1.9593856E-06  1.0628861E-02  0.6146937      0.3742425      4.3301246E-04  3.4825177E-16  9.9999997E-21
  6.3440979E-07  5.6419694E-03  0.5918908      0.4024666      2.7912706E-13  9.9999997E-21  9.9999997E-21
  2.7457422E-06  1.1101124E-02  0.9740440      1.4852113E-02  6.0165538E-15  9.9999997E-21  9.9999997E-21
  1.9270140E-06  1.2307403E-02  0.9725802      1.5110489E-02  8.7112045E-15  9.9999997E-21  9.9999997E-21
  1.1110320E-04  1.9458540E-02  0.9804304      2.7002810E-12  9.9999997E-21  9.9999997E-21  9.9999997E-21
  3.4814086E-06  1.8811939E-02  0.4446594      0.4999516      3.6573641E-02  3.6925182E-14  9.9999997E-21
  1.6661833E-08  4.3067618E-04  9.2851982E-02  0.6078798      0.2985493      2.8828057E-04  2.8503381E-16
  6.6230918E-04  0.9993377    
  1.0184245E-03  0.9922907      6.6908812E-03
  3.6648614E-06  1.5514579E-02  0.6914187      0.2929934      6.9710230E-05  5.6258909E-17  9.9999997E-21
  1.2686885E-06  8.7145036E-03  0.6679998      0.3232844      2.2293604E-13  9.9999997E-21  9.9999997E-21
  5.3684380E-06  1.5342364E-02  0.9817482      2.9040875E-03  1.1796313E-15  9.9999997E-21  9.9999997E-21
  3.4840039E-06  1.6966663E-02  0.9800768      2.9530691E-03  1.6634505E-15  9.9999997E-21  9.9999997E-21
  1.8395801E-04  2.5064370E-02  0.9747517      2.3902785E-12  9.9999997E-21  9.9999997E-21  9.9999997E-21
  7.3746633E-06  3.1790223E-02  0.5128830      0.4331630      2.2156345E-02  2.2446797E-14  9.9999997E-21
  4.2191829E-08  8.5730851E-04  0.1428597      0.6463353      0.2099477      3.1738867E-13  9.9999997E-21
  8.5658289E-04  0.9991434    
  1.2873247E-03  0.9987127      8.2962803E-12
  6.5536069E-06  2.1300798E-02  0.7531196      0.2255730      9.2281644E-14  9.9999997E-21  9.9999997E-21
  2.3850839E-06  1.2471212E-02  0.7318620      0.2556644      1.7425762E-13  9.9999997E-21  9.9999997E-21
  1.0312878E-05  2.0542203E-02  0.9794475      8.7379800E-13  9.9999997E-21  9.9999997E-21  9.9999997E-21
  5.7775319E-06  2.2044571E-02  0.9779497      4.7332862E-13  9.9999997E-21  9.9999997E-21  9.9999997E-21
  3.0732821E-04  3.2785099E-02  0.9669076      2.0533573E-12  9.9999997E-21  9.9999997E-21  9.9999997E-21
  1.5483714E-05  5.1107693E-02  0.5640624      0.3707086      1.4105899E-02  1.4302712E-14  9.9999997E-21
  9.9828732E-08  1.5541785E-03  0.2056878      0.6525702      0.1401877      2.1210530E-13  9.9999997E-21
  1.1071044E-03  0.9988929    
  1.7317353E-03  0.9982682      8.2949498E-12
  1.2085809E-05  3.0091232E-02  0.7964109      0.1734858      7.0206217E-14  9.9999997E-21  9.9999997E-21
  4.2695824E-06  1.7168498E-02  0.7785716      0.2042556      1.3706732E-13  9.9999997E-21  9.9999997E-21
  1.8997887E-05  2.6379051E-02  0.9736019      8.3034680E-13  9.9999997E-21  9.9999997E-21  9.9999997E-21
  9.3509416E-06  2.7176650E-02  0.9728140      4.5534702E-13  9.9999997E-21  9.9999997E-21  9.9999997E-21
  4.7803324E-04  4.1724343E-02  0.9577976      1.7343840E-12  9.9999997E-21  9.9999997E-21  9.9999997E-21
  2.8360559E-05  7.7631883E-02  0.5990590      0.3142987      8.9821164E-03  9.1100426E-15  9.9999997E-21
  2.4323845E-07  2.9067956E-03  0.2752129      0.6292219      9.2658147E-02  1.4023276E-13  9.9999997E-21
  1.4160682E-03  0.9985839    
  2.1780108E-03  0.9978220      8.2939957E-12
  1.9708812E-05  3.8747516E-02  0.8117999      0.1494328      5.9676690E-14  9.9999997E-21  9.9999997E-21
  7.3557057E-06  2.3151018E-02  0.7961408      0.1807008      1.1899233E-13  9.9999997E-21  9.9999997E-21
  3.3223558E-05  3.3005763E-02  0.9669610      7.8221967E-13  9.9999997E-21  9.9999997E-21  9.9999997E-21
  1.3599989E-05  3.1521667E-02  0.9684647      4.3562926E-13  9.9999997E-21  9.9999997E-21  9.9999997E-21
  7.2251930E-04  5.2510034E-02  0.9467674      1.4509095E-12  9.9999997E-21  9.9999997E-21  9.9999997E-21
  5.2137904E-05  0.1178402      0.6147192      0.2614436      5.9448550E-03  6.0315340E-15  9.9999997E-21
  4.7306850E-07  4.4208099E-03  0.3415492      0.5869008      6.7128725E-02  1.0162932E-13  9.9999997E-21
  3.9362363E-03  0.9960638    
  5.4874844E-03  0.9945125      8.2884602E-12
  1.3351794E-04  0.1014216      0.8435372      5.4907665E-02  1.9800186E-14  9.9999997E-21  9.9999997E-21
  6.3273546E-05  7.5635716E-02  0.8509644      7.3336616E-02  4.1894521E-14  9.9999997E-21  9.9999997E-21
  4.0986273E-04  0.1069257      0.8926644      5.0844263E-13  9.9999997E-21  9.9999997E-21  9.9999997E-21
  7.2427021E-05  6.8287216E-02  0.9316404      3.1786469E-13  9.9999997E-21  9.9999997E-21  9.9999997E-21
  4.2938869E-03  0.1266096      0.8690965      5.9080957E-13  9.9999997E-21  9.9999997E-21  9.9999997E-21
  4.6630987E-04  0.4701167      0.4515387      7.7274278E-02  6.0402614E-04  6.1446856E-16  9.9999997E-21
  6.6186917E-06  2.3702515E-02  0.7014354      0.2679588      6.8966392E-03  1.0469009E-14  9.9999997E-21
   0.000000       0.000000    
   0.000000       0.000000       0.000000    
   0.000000       0.000000       0.000000       0.000000       0.000000       0.000000       0.000000    
   0.000000       0.000000       0.000000       0.000000       0.000000       0.000000       0.000000    
   0.000000       0.000000       0.000000       0.000000       0.000000       0.000000       0.000000    
   0.000000       0.000000       0.000000       0.000000       0.000000       0.000000       0.000000    
   0.000000       0.000000       0.000000       0.000000       0.000000       0.000000       0.000000    
   0.000000       0.000000       0.000000       0.000000       0.000000       0.000000       0.000000    
   0.000000       0.000000       0.000000       0.000000       0.000000       0.000000       0.000000    
   0.000000       0.000000    
   0.000000       0.000000       0.000000    
   0.000000       0.000000       0.000000       0.000000       0.000000       0.000000       0.000000    
   0.000000       0.000000       0.000000       0.000000       0.000000       0.000000       0.000000    
   0.000000       0.000000       0.000000       0.000000       0.000000       0.000000       0.000000    
   0.000000       0.000000       0.000000       0.000000       0.000000       0.000000       0.000000    
   0.000000       0.000000       0.000000       0.000000       0.000000       0.000000       0.000000    
   0.000000       0.000000       0.000000       0.000000       0.000000       0.000000       0.000000    
   0.000000       0.000000       0.000000       0.000000       0.000000       0.000000       0.000000    
   0.000000       0.000000    
   0.000000       0.000000       0.000000    
   0.000000       0.000000       0.000000       0.000000       0.000000       0.000000       0.000000    
   0.000000       0.000000       0.000000       0.000000       0.000000       0.000000       0.000000    
   0.000000       0.000000       0.000000       0.000000       0.000000       0.000000       0.000000    
   0.000000       0.000000       0.000000       0.000000       0.000000       0.000000       0.000000    
   0.000000       0.000000       0.000000       0.000000       0.000000       0.000000       0.000000    
   0.000000       0.000000       0.000000       0.000000       0.000000       0.000000       0.000000    
   0.000000       0.000000       0.000000       0.000000       0.000000       0.000000       0.000000    
  1.2539751E-04  0.9998746    
  1.3156522E-05  7.6644272E-02  0.9233426    
  3.1389462E-08  7.5761648E-04  0.2025285      0.7460204      5.0693423E-02  3.7733485E-14  9.9999997E-21
  8.6652108E-09  3.5644797E-04  0.1848468      0.7817463      3.2966271E-02  8.4162966E-05  5.6472355E-17
  1.4228926E-08  3.9276731E-04  0.1798528      0.7909328      2.8790474E-02  3.1068615E-05  2.3898732E-17
  3.9549914E-08  1.1913622E-03  0.5040036      0.4872829      7.5220698E-03  1.6188753E-15  9.9999997E-21
  2.4958526E-06  1.8586769E-03  0.4361957      0.5465247      1.5418439E-02  1.8446804E-14  9.9999997E-21
  3.3709917E-08  7.5821631E-04  0.1124974      0.6230671      0.2636772      2.4638229E-13  9.9999997E-21
  3.4164869E-11  3.8725261E-06  3.8011915E-03  0.1636034      0.7835590      4.8881985E-02  1.5064357E-04
  2.0673977E-04  0.9997932    
  4.3703520E-05  0.1538700      0.8460863    
  1.3669619E-07  1.9818223E-03  0.3192946      0.6608404      1.7883068E-02  1.3400080E-14  9.9999997E-21
  3.9741593E-08  9.6824649E-04  0.2956125      0.6902243      1.3178462E-02  1.6407861E-05  1.1082987E-17
  8.7421263E-08  1.2990867E-03  0.3492305      0.6386068      1.0859374E-02  4.0626883E-06  3.1459836E-18
  1.6518351E-07  2.9748720E-03  0.7146626      0.2802787      2.0836391E-03  4.5142806E-16  9.9999997E-21
  1.0373463E-05  4.6252278E-03  0.6424440      0.3483427      4.5776935E-03  5.5133735E-15  9.9999997E-21
  1.7713622E-07  2.3909488E-03  0.1965788      0.6457871      0.1552430      1.4602893E-13  9.9999997E-21
  2.9578687E-10  2.0109837E-05  1.1933240E-02  0.2848133      0.6825731      2.0614998E-02  4.5224366E-05
  2.9920277E-04  0.9997008    
  1.6180352E-04  0.3765899      0.6232483    
  4.4538780E-07  4.3610549E-03  0.4634929      0.5266454      5.5002547E-03  4.2012949E-15  9.9999997E-21
  1.3787582E-07  2.2387942E-03  0.4417020      0.5507427      5.3122649E-03  4.0703476E-06  2.8026662E-18
  4.0192143E-07  3.6014540E-03  0.6262591      0.3669723      3.1667049E-03  2.4237202E-15  9.9999997E-21
  4.9749599E-07  5.8979318E-03  0.8635685      0.1299502      5.8292935E-04  1.2874103E-16  9.9999997E-21
  2.9054196E-05  8.7098395E-03  0.8056185      0.1847415      9.0104411E-04  1.1062461E-15  9.9999997E-21
  6.2694488E-07  5.7237358E-03  0.2893050      0.6200949      8.4875725E-02  8.1385182E-14  9.9999997E-21
  1.7433868E-09  8.0597842E-05  3.1556476E-02  0.4492551      0.5117866      7.3120291E-03  9.2349410E-06
  4.0077648E-04  0.9995992    
  4.7368975E-04  0.8004258      0.1991006    
  1.0590228E-06  7.5491015E-03  0.5805930      0.4110201      8.3673809E-04  6.6343993E-16  9.9999997E-21
  3.4411474E-07  4.0396536E-03  0.5623130      0.4322805      1.3658552E-03  6.3818385E-07  4.5613924E-19
  1.3079392E-06  7.6739155E-03  0.9236882      6.8424381E-02  2.1223896E-04  1.6862102E-16  9.9999997E-21
  1.1351850E-06  9.6343970E-03  0.9612317      2.9055094E-02  7.7668141E-05  1.7805562E-17  9.9999997E-21
  6.1142266E-05  1.3558027E-02  0.8999543      8.6426497E-02  1.5393067E-13  9.9999997E-21  9.9999997E-21
  1.6430912E-06  1.1228710E-02  0.3752750      0.5638674      4.9627263E-02  4.9396248E-14  9.9999997E-21
  6.5688930E-09  2.2188545E-04  6.3370474E-02  0.5788877      0.3562084      1.3108919E-03  7.0305515E-07
  5.2955566E-04  0.9994705    
  8.0525648E-04  0.9967507      2.4440733E-03
  2.1833398E-06  1.1657701E-02  0.6565418      0.3317680      3.0253552E-05  2.4421543E-17  9.9999997E-21
  7.4200398E-07  6.4381068E-03  0.6450350      0.3484889      3.7323640E-05  3.3408224E-17  9.9999997E-21
  2.9568862E-06  1.1595921E-02  0.9872659      1.1350674E-03  1.2492059E-07  1.0104278E-19  9.9999997E-21
  2.1580242E-06  1.3421430E-02  0.9854233      1.1531301E-03  6.6605266E-16  9.9999997E-21  9.9999997E-21
  1.1885179E-04  1.9969072E-02  0.9770258      2.8862606E-03  4.8431929E-15  9.9999997E-21  9.9999997E-21
  3.8532594E-06  2.0072279E-02  0.4516029      0.4969852      3.1335738E-02  3.1753981E-14  9.9999997E-21
  1.9564821E-08  4.9723865E-04  0.1049413      0.6436808      0.2508567      2.3944160E-05  7.3588841E-10
  6.9008570E-04  0.9993099    
  1.0443499E-03  0.9989557      8.2967591E-12
  4.0535997E-06  1.6618462E-02  0.7220333      0.2613442      1.0769655E-13  9.9999997E-21  9.9999997E-21
  1.4443087E-06  9.4535332E-03  0.7067677      0.2837773      1.9545536E-13  9.9999997E-21  9.9999997E-21
  5.8194091E-06  1.5729316E-02  0.9842649      9.0578407E-13  9.9999997E-21  9.9999997E-21  9.9999997E-21
  3.7356817E-06  1.7737987E-02  0.9822583      4.8640264E-13  9.9999997E-21  9.9999997E-21  9.9999997E-21
  1.9885629E-04  2.6419150E-02  0.9733820      2.3348472E-12  9.9999997E-21  9.9999997E-21  9.9999997E-21
  8.0646259E-06  3.3293240E-02  0.5143548      0.4319353      2.0408640E-02  2.0689537E-14  9.9999997E-21
  4.8399560E-08  9.4291102E-04  0.1556886      0.6664895      0.1768789      2.6756966E-13  9.9999997E-21
  9.0803875E-04  0.9990920    
  1.3438192E-03  0.9985840      7.2218601E-05
  7.3273332E-06  2.3302838E-02  0.7870676      0.1896222      7.7399384E-14  9.9999997E-21  9.9999997E-21
  2.7314152E-06  1.3687137E-02  0.7677080      0.2186021      1.4851468E-13  9.9999997E-21  9.9999997E-21
  1.1234210E-05  2.0942008E-02  0.9790231      2.3681227E-05  9.6152128E-18  9.9999997E-21  9.9999997E-21
  6.0816965E-06  2.2359895E-02  0.9776340      4.6987251E-13  9.9999997E-21  9.9999997E-21  9.9999997E-21
  3.2022729E-04  3.4202047E-02  0.9654777      1.9797035E-12  9.9999997E-21  9.9999997E-21  9.9999997E-21
  1.6038304E-05  5.4459818E-02  0.5647700      0.3684619      1.2292220E-02  1.2464406E-14  9.9999997E-21
  1.1102794E-07  1.6904188E-03  0.2211895      0.6639197      0.1132002      1.7128230E-13  9.9999997E-21
  1.1775109E-03  0.9988225    
  1.7873985E-03  0.9982126      8.2951285E-12
  1.2974000E-05  3.2107260E-02  0.8218617      0.1460180      5.8911352E-14  9.9999997E-21  9.9999997E-21
  5.1538914E-06  1.9566916E-02  0.8105800      0.1698480      1.1348425E-13  9.9999997E-21  9.9999997E-21
  2.1845110E-05  2.8099233E-02  0.9718789      8.1873484E-13  9.9999997E-21  9.9999997E-21  9.9999997E-21
  1.0054217E-05  2.8032284E-02  0.9719577      4.5077109E-13  9.9999997E-21  9.9999997E-21  9.9999997E-21
  5.1366963E-04  4.4545401E-02  0.9549409      1.6603930E-12  9.9999997E-21  9.9999997E-21  9.9999997E-21
  3.1091975E-05  8.9238293E-02  0.6018621      0.3015425      7.3260316E-03  7.4309480E-15  9.9999997E-21
  2.5895736E-07  3.0730790E-03  0.3003756      0.6257992      7.0751853E-02  1.0708714E-13  9.9999997E-21
  1.5014126E-03  0.9984986    
  2.2329520E-03  0.9977670      8.2943114E-12
  2.0778310E-05  4.0707406E-02  0.8423892      0.1168826      4.6508533E-14  9.9999997E-21  9.9999997E-21
  8.7131211E-06  2.5981601E-02  0.8383078      0.1357019      8.8900811E-14  9.9999997E-21  9.9999997E-21
  3.9536033E-05  3.6423210E-02  0.9635373      7.6851416E-13  9.9999997E-21  9.9999997E-21  9.9999997E-21
  1.5536199E-05  3.4586281E-02  0.9653982      4.2961882E-13  9.9999997E-21  9.9999997E-21  9.9999997E-21
  8.0813386E-04  5.5758722E-02  0.9434332      1.3868869E-12  9.9999997E-21  9.9999997E-21  9.9999997E-21
  5.6036763E-05  0.1314407      0.6150070      0.2488088      4.6874657E-03  4.7562560E-15  9.9999997E-21
  5.1672805E-07  4.8808185E-03  0.3801445      0.5701892      4.4785038E-02  6.7808504E-14  9.9999997E-21
  4.2743515E-03  0.9957256    
  5.4645035E-03  0.9945355      8.2912505E-12
  1.3565694E-04  0.1013479      0.8597020      3.8814463E-02  1.3816389E-14  9.9999997E-21  9.9999997E-21
  7.0653179E-05  8.2802519E-02  0.8683246      4.8802163E-02  2.7390825E-14  9.9999997E-21  9.9999997E-21
  4.8880751E-04  0.1178949      0.8816163      4.8295531E-13  9.9999997E-21  9.9999997E-21  9.9999997E-21
  8.6016516E-05  7.8948691E-02  0.9209653      3.0434826E-13  9.9999997E-21  9.9999997E-21  9.9999997E-21
  4.3157586E-03  0.1281343      0.8675499      5.4876736E-13  9.9999997E-21  9.9999997E-21  9.9999997E-21
  4.9640913E-04  0.4944763      0.4335687      7.1020760E-02  4.3785898E-04  4.4556903E-16  9.9999997E-21
  6.3768030E-06  2.3090966E-02  0.7350804      0.2379312      3.8911391E-03  5.9085588E-15  9.9999997E-21
   0.000000       0.000000    
   0.000000       0.000000       0.000000    
   0.000000       0.000000       0.000000       0.000000       0.000000       0.000000       0.000000    
   0.000000       0.000000       0.000000       0.000000       0.000000       0.000000       0.000000    
   0.000000       0.000000       0.000000       0.000000       0.000000       0.000000       0.000000    
   0.000000       0.000000       0.000000       0.000000       0.000000       0.000000       0.000000    
   0.000000       0.000000       0.000000       0.000000       0.000000       0.000000       0.000000    
   0.000000       0.000000       0.000000       0.000000       0.000000       0.000000       0.000000    
   0.000000       0.000000       0.000000       0.000000       0.000000       0.000000       0.000000    
   0.000000       0.000000    
   0.000000       0.000000       0.000000    
   0.000000       0.000000       0.000000       0.000000       0.000000       0.000000       0.000000    
   0.000000       0.000000       0.000000       0.000000       0.000000       0.000000       0.000000    
   0.000000       0.000000       0.000000       0.000000       0.000000       0.000000       0.000000    
   0.000000       0.000000       0.000000       0.000000       0.000000       0.000000       0.000000    
   0.000000       0.000000       0.000000       0.000000       0.000000       0.000000       0.000000    
   0.000000       0.000000       0.000000       0.000000       0.000000       0.000000       0.000000    
   0.000000       0.000000       0.000000       0.000000       0.000000       0.000000       0.000000    
  1.0248545E-04  0.9998975    
  8.0849077E-06  5.9361532E-02  0.9406304    
  1.6402945E-08  4.8953557E-04  0.1646069      0.7634773      7.1426295E-02  5.3086255E-14  9.9999997E-21
  4.4667581E-09  2.2800193E-04  0.1491728      0.8030105      4.7499489E-02  8.9166060E-05  5.9739705E-17
  6.9372472E-09  2.4650339E-04  0.1416824      0.8160632      4.1985374E-02  2.2539198E-05  1.7311716E-17
  2.1082196E-08  8.0106402E-04  0.4225303      0.5668363      9.8299561E-03  2.3879686E-06  1.0243456E-19
  1.2306500E-06  1.1538911E-03  0.3366472      0.6477939      1.4403761E-02  1.7207005E-14  9.9999997E-21
  1.5897246E-08  4.5088775E-04  8.5115552E-02  0.5970572      0.3173763      2.9611475E-13  9.9999997E-21
  1.3401554E-11  1.8715101E-06  2.3446779E-03  0.1283205      0.8000908      6.8900928E-02  3.4117681E-04
  1.6270710E-04  0.9998373    
  2.3857889E-05  0.1071568      0.8928194    
  6.7286109E-08  1.2428365E-03  0.2560818      0.7085834      3.4091886E-02  2.5443145E-14  9.9999997E-21
  1.8641112E-08  5.8578461E-04  0.2345880      0.7403253      2.4475142E-02  2.5808647E-05  1.7362991E-17
  3.4492786E-08  6.9580862E-04  0.2486175      0.7298820      2.0800380E-02  4.3139421E-06  3.3271446E-18
  7.8741017E-08  1.8321008E-03  0.5997909      0.3954753      2.9012524E-03  4.1813502E-07  1.8010683E-20
  4.7522512E-06  2.8034640E-03  0.5039784      0.4867009      6.5124999E-03  7.8121908E-15  9.9999997E-21
  7.6663611E-08  1.3359531E-03  0.1474578      0.6447799      0.2064263      1.9339550E-13  9.9999997E-21
  1.0139172E-10  8.8063516E-06  6.6699563E-03  0.2176861      0.7441227      3.1434998E-02  7.7353965E-05
  2.3613834E-04  0.9997638    
  6.9182250E-05  0.2065827      0.7933481    
  2.1896581E-07  2.7276257E-03  0.3736225      0.6089719      1.4677727E-02  1.1048150E-14  9.9999997E-21
  6.4715493E-08  1.3526919E-03  0.3512132      0.6363773      1.1047786E-02  8.9821879E-06  6.0947015E-18
  1.5161744E-07  1.8660156E-03  0.4322415      0.5575193      8.3696479E-03  3.4304219E-06  2.6684307E-18
  2.4078969E-07  3.6769039E-03  0.7439967      0.2511182      1.2079398E-03  2.6289163E-16  9.9999997E-21
  1.4672602E-05  5.7599135E-03  0.6847351      0.3075347      1.9556826E-03  2.3661080E-15  9.9999997E-21
  2.7956224E-07  3.2923156E-03  0.2263972      0.6460533      0.1242569      1.1741206E-13  9.9999997E-21
  5.8992466E-10  3.4588782E-05  1.7214151E-02  0.3430798      0.6239104      1.5740033E-02  2.0977566E-05
  3.2577384E-04  0.9996742    
  2.1874357E-04  0.4656282      0.5341530    
  5.6622059E-07  5.0730729E-03  0.4946980      0.4965197      3.7085984E-03  2.8546624E-15  9.9999997E-21
  1.7505450E-07  2.5954854E-03  0.4750396      0.5194095      2.9534183E-03  1.8844080E-06  1.3075533E-18
  5.5377620E-07  4.4122227E-03  0.7155867      0.2785353      1.4645545E-03  6.1384696E-07  4.8829547E-19
  6.2121165E-07  6.7045572E-03  0.8888912      0.1040174      3.8626045E-04  8.5965837E-17  9.9999997E-21
  3.5509296E-05  1.0012669E-02  0.8428797      0.1458511      1.2211071E-03  1.5107900E-15  9.9999997E-21
  7.9597385E-07  6.6852793E-03  0.3043591      0.6124865      7.6468371E-02  7.3890445E-14  9.9999997E-21
  2.5476534E-09  1.0747080E-04  3.7732013E-02  0.4861590      0.4710107      4.9882014E-03  2.6467596E-06
  4.1116460E-04  0.9995888    
  5.5623305E-04  0.8797588      0.1196850    
  1.2125033E-06  8.4565757E-03  0.6114796      0.3794223      6.4027397E-04  5.1132372E-16  9.9999997E-21
  4.0508166E-07  4.5216419E-03  0.5954735      0.3995460      4.5832485E-04  1.3360575E-07  9.6182229E-20
  1.4981339E-06  8.2705151E-03  0.9445997      4.7074072E-02  5.4143300E-05  5.3362497E-09  9.9999997E-21
  1.3079576E-06  1.0404781E-02  0.9631124      2.6437374E-02  4.4209264E-05  1.0208081E-17  9.9999997E-21
  7.0286740E-05  1.5025754E-02  0.9494750      3.5138082E-02  2.9084436E-04  3.7333279E-16  9.9999997E-21
  1.9141601E-06  1.2299935E-02  0.3869128      0.5547021      4.6083279E-02  4.6199257E-14  9.9999997E-21
  8.2379934E-09  2.7057822E-04  7.1159668E-02  0.6078950      0.3198207      8.5388555E-04  1.9986165E-07
  5.3996983E-04  0.9994600    
  8.2972459E-04  0.9874427      1.1727621E-02
  2.4399362E-06  1.2832931E-02  0.6958960      0.2911628      1.0576177E-04  8.5303914E-17  9.9999997E-21
  8.4631603E-07  7.1050362E-03  0.6797533      0.3130402      1.0056140E-04  2.4941446E-08  1.8134324E-20
  3.3168903E-06  1.2455801E-02  0.9820783      5.4606823E-03  1.9463748E-06  1.5730453E-18  9.9999997E-21
  2.4974511E-06  1.4690398E-02  0.9794648      5.8342684E-03  8.0959035E-06  1.8880184E-18  9.9999997E-21
  1.2621615E-04  2.0441800E-02  0.9689573      1.0407251E-02  6.7440480E-05  8.7431164E-17  9.9999997E-21
  4.4324679E-06  2.1947568E-02  0.4704390      0.4803491      2.7259978E-02  2.7601153E-14  9.9999997E-21
  2.4003075E-08  5.9973268E-04  0.1176073      0.6622322      0.2193460      2.1472501E-04  2.7339269E-08
  6.9858821E-04  0.9993014    
  1.1202719E-03  0.9984944      3.8532985E-04
  4.5867414E-06  1.8499594E-02  0.7518436      0.2296472      5.0117828E-06  4.0472756E-18  9.9999997E-21
  1.7125940E-06  1.0727306E-02  0.7449049      0.2443442      2.1875248E-05  1.5276579E-09  9.9999997E-21
  6.7641772E-06  1.7485177E-02  0.9822553      2.5268644E-04  2.5338410E-08  2.0503332E-20  9.9999997E-21
  4.4780127E-06  1.9830715E-02  0.9798321      3.3255268E-04  1.2612266E-07  2.9448580E-20  9.9999997E-21
  2.1885709E-04  2.7401218E-02  0.9698036      2.5720568E-03  4.3207215E-06  5.6083123E-18  9.9999997E-21
  9.8767177E-06  3.7805550E-02  0.5405915      0.4061013      1.5491712E-02  1.5704767E-14  9.9999997E-21
  6.1383297E-08  1.1723173E-03  0.1766343      0.6756366      0.1465432      1.3565376E-05  4.8631643E-10
  9.0554176E-04  0.9990945    
  1.4191669E-03  0.9985808      8.2957261E-12
  7.7093418E-06  2.4354801E-02  0.7765350      0.1991025      8.1279642E-14  9.9999997E-21  9.9999997E-21
  2.9711425E-06  1.4291486E-02  0.7744900      0.2112155      1.4352239E-13  9.9999997E-21  9.9999997E-21
  1.2914257E-05  2.3306301E-02  0.9766808      8.6355413E-13  9.9999997E-21  9.9999997E-21  9.9999997E-21
  7.1912914E-06  2.4655847E-02  0.9753370      4.6894471E-13  9.9999997E-21  9.9999997E-21  9.9999997E-21
  3.4997574E-04  3.5393331E-02  0.9642567      1.9807647E-12  9.9999997E-21  9.9999997E-21  9.9999997E-21
  1.8608054E-05  5.9515491E-02  0.5873804      0.3423191      1.0766339E-02  1.0917270E-14  9.9999997E-21
  1.3679448E-07  2.0456729E-03  0.2393851      0.6525406      0.1060284      1.6043255E-13  9.9999997E-21
  1.1509776E-03  0.9988490    
  1.7465486E-03  0.9982535      8.2952013E-12
  1.2403366E-05  3.1029871E-02  0.8005913      0.1683664      6.8004521E-14  9.9999997E-21  9.9999997E-21
  4.8251995E-06  1.8257910E-02  0.7987514      0.1829859      1.2245969E-13  9.9999997E-21  9.9999997E-21
  2.2555509E-05  2.9408026E-02  0.9705694      8.2137639E-13  9.9999997E-21  9.9999997E-21  9.9999997E-21
  1.0858123E-05  3.0074557E-02  0.9699146      4.5136651E-13  9.9999997E-21  9.9999997E-21  9.9999997E-21
  5.3995696E-04  4.4546034E-02  0.9549140      1.6853490E-12  9.9999997E-21  9.9999997E-21  9.9999997E-21
  3.3062151E-05  8.7398171E-02  0.6120255      0.2928998      7.6434757E-03  7.7526876E-15  9.9999997E-21
  2.7451949E-07  3.2387041E-03  0.3056992      0.6157302      7.5331643E-02  1.1401524E-13  9.9999997E-21
  1.5616731E-03  0.9984383    
  2.2826490E-03  0.9977174      8.2943557E-12
  2.1698612E-05  4.1509196E-02  0.8221576      0.1363115      5.4100147E-14  9.9999997E-21  9.9999997E-21
  8.7243061E-06  2.4904845E-02  0.8243383      0.1507482      9.8398733E-14  9.9999997E-21  9.9999997E-21
  4.4668173E-05  3.8938634E-02  0.9610167      7.5895908E-13  9.9999997E-21  9.9999997E-21  9.9999997E-21
  1.6745806E-05  3.6209486E-02  0.9637738      4.2567835E-13  9.9999997E-21  9.9999997E-21  9.9999997E-21
  8.6550141E-04  5.8196150E-02  0.9409384      1.3444319E-12  9.9999997E-21  9.9999997E-21  9.9999997E-21
  6.4067608E-05  0.1368819      0.6169198      0.2409713      5.1629511E-03  5.2390097E-15  9.9999997E-21
  6.0928494E-07  5.4424037E-03  0.3949500      0.5530611      4.6545889E-02  7.0478494E-14  9.9999997E-21
  4.2526107E-03  0.9957474    
  5.6142323E-03  0.9943858      8.2899694E-12
  1.3906659E-04  0.1049936      0.8489060      4.5961298E-02  1.6374611E-14  9.9999997E-21  9.9999997E-21
  7.5276221E-05  8.1978694E-02  0.8629755      5.4970518E-02  3.0889171E-14  9.9999997E-21  9.9999997E-21
  5.2733056E-04  0.1249972      0.8744755      4.8026573E-13  9.9999997E-21  9.9999997E-21  9.9999997E-21
  9.1463306E-05  8.1798315E-02  0.9181103      3.0404176E-13  9.9999997E-21  9.9999997E-21  9.9999997E-21
  4.7337580E-03  0.1375430      0.8577232      5.4506622E-13  9.9999997E-21  9.9999997E-21  9.9999997E-21
  5.2859355E-04  0.5037738      0.4272843      6.7962088E-02  4.5120582E-04  4.5914898E-16  9.9999997E-21
  7.1108575E-06  2.4834814E-02  0.7423944      0.2286937      4.0699504E-03  6.1800519E-15  9.9999997E-21
  1.1469731E-04  0.9998853    
  1.0076938E-05  6.4491361E-02  0.9354985    
  2.4037254E-08  6.4320816E-04  0.1890260      0.7411779      6.9152854E-02  5.1419782E-14  9.9999997E-21
  6.6422197E-09  3.0203274E-04  0.1724189      0.7845702      4.2644743E-02  6.4192682E-05  4.3027408E-17
  9.7022319E-09  2.9996838E-04  0.1493607      0.8130457      3.7268825E-02  2.4724586E-05  1.8998827E-17
  2.8037860E-08  9.3735062E-04  0.4286761      0.5617624      8.6241569E-03  1.8541185E-15  9.9999997E-21
  2.0614791E-06  1.7176344E-03  0.4436269      0.5486422      6.0112425E-03  7.1843878E-15  9.9999997E-21
  2.4358272E-08  6.0367584E-04  0.1001580      0.6197160      0.2795222      2.6091436E-13  9.9999997E-21
  2.2717729E-11  2.8603690E-06  3.0904273E-03  0.1467317      0.7847752      6.5300606E-02  9.9271325E-05
  1.2431851E-04  0.9998757    
  1.3590467E-05  7.9350457E-02  0.9206359    
  3.1680258E-08  7.7338063E-04  0.2071713      0.7404715      5.1583711E-02  3.8404975E-14  9.9999997E-21
  8.7624095E-09  3.6002405E-04  0.1887218      0.7771863      3.3674687E-02  5.7166046E-05  3.8366536E-17
  1.4425841E-08  3.9822041E-04  0.1858792      0.7843986      2.9301809E-02  2.2099461E-05  1.7003339E-17
  3.8374420E-08  1.1578563E-03  0.4932889      0.4990095      6.5437355E-03  1.4086445E-15  9.9999997E-21
  2.4446429E-06  1.8639655E-03  0.4364841      0.5508118      1.0837714E-02  1.2969343E-14  9.9999997E-21
  3.1866612E-08  7.3211017E-04  0.1099833      0.6285306      0.2607540      2.4370664E-13  9.9999997E-21
  3.3996934E-11  3.9007309E-06  3.8403659E-03  0.1675191      0.7802804      4.8171133E-02  1.8511458E-04
  1.6006455E-04  0.9998400    
  2.2072310E-05  0.1037463      0.8962316    
  6.2347901E-08  1.1886100E-03  0.2562319      0.7078727      3.4706708E-02  2.5894461E-14  9.9999997E-21
  1.8090736E-08  5.8033934E-04  0.2364567      0.7390898      2.3839001E-02  3.4081255E-05  2.2921790E-17
  3.3077999E-08  6.8423513E-04  0.2452536      0.7343446      1.9707393E-02  1.0125980E-05  7.8074302E-18
  7.4714791E-08  1.7968323E-03  0.5914653      0.4032809      3.4569118E-03  7.4573141E-16  9.9999997E-21
  5.1127276E-06  3.0128562E-03  0.5520376      0.4413718      3.5726565E-03  4.2844006E-15  9.9999997E-21
  7.2810344E-08  1.3173488E-03  0.1479413      0.6465810      0.2041603      1.9121690E-13  9.9999997E-21
  9.2978777E-11  8.2942843E-06  6.6499487E-03  0.2181717      0.7393913      3.5720397E-02  5.8343929E-05
  2.1880552E-04  0.9997812    
  5.1230774E-05  0.1690026      0.8309461    
  1.6792166E-07  2.2936265E-03  0.3462462      0.6319668      1.9493151E-02  1.4625255E-14  9.9999997E-21
  4.7408481E-08  1.0909337E-03  0.3183848      0.6657102      1.4803106E-02  1.0983781E-05  7.4286998E-18
  1.0395431E-07  1.4401635E-03  0.3719102      0.6145695      1.2076792E-02  3.1678067E-06  2.4561660E-18
  1.8520775E-07  3.1558317E-03  0.6911625      0.3034263      2.2547874E-03  4.2226577E-07  1.8285262E-20
  1.0686422E-05  4.5955749E-03  0.6033530      0.3890839      2.9568195E-03  3.5657559E-15  9.9999997E-21
  2.0440812E-07  2.6455086E-03  0.2045213      0.6525185      0.1403145      1.3215561E-13  9.9999997E-21
  3.8038550E-10  2.4334342E-05  1.3656882E-02  0.3068257      0.6577560      2.1704223E-02  3.2883545E-05
  2.9525397E-04  0.9997047    
  1.4734735E-04  0.3549863      0.6448663    
  4.0610612E-07  4.0590097E-03  0.4473390      0.5412674      7.3341797E-03  5.5918739E-15  9.9999997E-21
  1.1871492E-07  1.9728108E-03  0.4236082      0.5683414      6.0735443E-03  3.9750180E-06  2.7320237E-18
  3.5322921E-07  3.2578909E-03  0.6174901      0.3757355      3.5152161E-03  9.1194016E-07  7.1853814E-19
  4.2763341E-07  5.2987295E-03  0.8391168      0.1548811      7.0276699E-04  1.4486265E-07  9.9999997E-21
  2.5953485E-05  8.2401829E-03  0.7803866      0.2092583      2.0889996E-03  2.5600567E-15  9.9999997E-21
  5.4876386E-07  5.0925333E-03  0.2686269      0.6330446      9.3235373E-02  8.9237638E-14  9.9999997E-21
  1.4842001E-09  6.9467198E-05  2.8000548E-02  0.4321342      0.5323079      7.4811624E-03  6.7566334E-06
  3.8294922E-04  0.9996170    
  3.9300983E-04  0.7065279      0.2930791    
  9.0274466E-07  6.8648541E-03  0.5643910      0.4273249      1.4183361E-03  1.1152850E-15  9.9999997E-21
  2.9248091E-07  3.6384314E-03  0.5477273      0.4467910      1.8425464E-03  4.3935452E-07  3.1143066E-19
  1.0533761E-06  6.6558877E-03  0.8860213      0.1069243      3.9743245E-04  3.1314435E-16  9.9999997E-21
  9.2729653E-07  8.4368438E-03  0.9476461      4.3856375E-02  5.9756247E-05  1.3585973E-17  9.9999997E-21
  5.2619431E-05  1.2698025E-02  0.9014001      8.5849211E-02  1.5332530E-13  9.9999997E-21  9.9999997E-21
  1.3313261E-06  9.6694827E-03  0.3485080      0.5855694      5.6251761E-02  5.5527018E-14  9.9999997E-21
  5.0743774E-09  1.8116871E-04  5.5015415E-02  0.5630853      0.3798157      1.9013362E-03  1.0825185E-06
  4.8337123E-04  0.9995166    
  6.9042778E-04  0.9544908      4.4818733E-02
  1.6707456E-06  9.9747190E-03  0.6324347      0.3573818      2.0715487E-04  1.6657120E-16  9.9999997E-21
  5.6292549E-07  5.4368619E-03  0.6223974      0.3717096      4.5546741E-04  2.1793517E-07  1.5796892E-19
  2.1696555E-06  9.7931447E-03  0.9737352      1.6449530E-02  1.9986464E-05  4.9859445E-09  9.9999997E-21
  1.6722020E-06  1.1656076E-02  0.9797202      8.5989786E-03  2.3059703E-05  5.3611652E-18  9.9999997E-21
  8.9491914E-05  1.7299626E-02  0.9479984      3.4498528E-02  1.1392758E-04  1.4724449E-16  9.9999997E-21
  2.7273431E-06  1.5982155E-02  0.4145886      0.5316926      3.7733879E-02  3.8088842E-14  9.9999997E-21
  1.3443805E-08  3.7639341E-04  8.6371765E-02  0.6272981      0.2854493      5.0424924E-04  1.2158070E-07
  6.1000895E-04  0.9993900    
  9.1494899E-04  0.9895315      9.5535675E-03
  3.0510912E-06  1.4319237E-02  0.7082657      0.2773834      2.8569548E-05  2.3049550E-17  9.9999997E-21
  1.0592701E-06  8.0819605E-03  0.6968144      0.2950243      7.8280704E-05  1.6150791E-08  1.1746065E-20
  4.1279727E-06  1.3465754E-02  0.9845584      1.9711258E-03  5.8332142E-07  4.7156497E-19  9.9999997E-21
  2.9023331E-06  1.5718743E-02  0.9827293      1.5473674E-03  1.7436030E-06  4.0673112E-19  9.9999997E-21
  1.4930309E-04  2.2481548E-02  0.9699165      7.4526225E-03  1.1975706E-14  9.9999997E-21  9.9999997E-21
  5.5515861E-06  2.5380252E-02  0.4822961      0.4678748      2.4443317E-02  2.4756015E-14  9.9999997E-21
  3.2989018E-08  7.2513940E-04  0.1312950      0.6679853      0.1999207      7.3767907E-05  7.5585653E-09
  7.6213165E-04  0.9992379    
  1.1703573E-03  0.9988297      8.2964859E-12
  5.3283470E-06  1.9967606E-02  0.7755578      0.2044692      8.3994972E-14  9.9999997E-21  9.9999997E-21
  1.9964141E-06  1.1786263E-02  0.7638810      0.2243307      1.5381269E-13  9.9999997E-21  9.9999997E-21
  7.6753022E-06  1.7877687E-02  0.9821146      8.9166202E-13  9.9999997E-21  9.9999997E-21  9.9999997E-21
  4.8887600E-06  2.0423282E-02  0.9795718      4.8027950E-13  9.9999997E-21  9.9999997E-21  9.9999997E-21
  2.4289246E-04  2.9296499E-02  0.9704606      2.2044322E-12  9.9999997E-21  9.9999997E-21  9.9999997E-21
  1.1176911E-05  4.1242190E-02  0.5450735      0.3984486      1.5224534E-02  1.5435522E-14  9.9999997E-21
  7.5478745E-08  1.3210534E-03  0.1896079      0.6816076      0.1274633      1.9283539E-13  9.9999997E-21
  9.7010209E-04  0.9990299    
  1.4692561E-03  0.9985307      8.2958865E-12
  8.8347906E-06  2.6212674E-02  0.8110109      0.1627676      6.6241913E-14  9.9999997E-21  9.9999997E-21
  3.5481114E-06  1.6455490E-02  0.8011013      0.1824396      1.2342197E-13  9.9999997E-21  9.9999997E-21
  1.4386421E-05  2.4003791E-02  0.9759818      8.5193875E-13  9.9999997E-21  9.9999997E-21  9.9999997E-21
  7.7318036E-06  2.5612390E-02  0.9743799      4.6404596E-13  9.9999997E-21  9.9999997E-21  9.9999997E-21
  3.6590619E-04  3.6732268E-02  0.9629018      1.8887613E-12  9.9999997E-21  9.9999997E-21  9.9999997E-21
