   0.000000       0.000000    
   0.000000       0.000000       0.000000    
   0.000000       0.000000       0.000000       0.000000       0.000000       0.000000       0.000000    
   0.000000       0.000000       0.000000       0.000000       0.000000       0.000000       0.000000    
   0.000000       0.000000       0.000000       0.000000       0.000000       0.000000       0.000000    
   0.000000       0.000000       0.000000       0.000000       0.000000       0.000000       0.000000    
   0.000000       0.000000       0.000000       0.000000       0.000000       0.000000       0.000000    
   0.000000       0.000000       0.000000       0.000000       0.000000       0.000000       0.000000    
   0.000000       0.000000       0.000000       0.000000       0.000000       0.000000       0.000000    
   0.000000       0.000000    
   0.000000       0.000000       0.000000    
   0.000000       0.000000       0.000000       0.000000       0.000000       0.000000       0.000000    
   0.000000       0.000000       0.000000       0.000000       0.000000       0.000000       0.000000    
   0.000000       0.000000       0.000000       0.000000       0.000000       0.000000       0.000000    
   0.000000       0.000000       0.000000       0.000000       0.000000       0.000000       0.000000    
   0.000000       0.000000       0.000000       0.000000       0.000000       0.000000       0.000000    
   0.000000       0.000000       0.000000       0.000000       0.000000       0.000000       0.000000    
   0.000000       0.000000       0.000000       0.000000       0.000000       0.000000       0.000000    
   0.000000       0.000000    
   0.000000       0.000000       0.000000    
   0.000000       0.000000       0.000000       0.000000       0.000000       0.000000       0.000000    
   0.000000       0.000000       0.000000       0.000000       0.000000       0.000000       0.000000    
   0.000000       0.000000       0.000000       0.000000       0.000000       0.000000       0.000000    
   0.000000       0.000000       0.000000       0.000000       0.000000       0.000000       0.000000    
   0.000000       0.000000       0.000000       0.000000       0.000000       0.000000       0.000000    
   0.000000       0.000000       0.000000       0.000000       0.000000       0.000000       0.000000    
   0.000000       0.000000       0.000000       0.000000       0.000000       0.000000       0.000000    
  9.1348433E-05  0.9999086    
  6.8549966E-06  5.4848284E-02  0.9451448    
  1.2945654E-08  4.0924491E-04  0.1479493      0.7744477      7.7193789E-02  5.9940910E-14  9.9999997E-21
  4.4714965E-09  2.5178329E-04  0.1564298      0.8005103      4.2674035E-02  1.3407914E-04  1.1188078E-16
  6.3263301E-09  2.3608364E-04  0.1468892      0.8139064      3.8968325E-02  3.0333276E-14  9.9999997E-21
  1.5157795E-08  6.6844275E-04  0.3757323      0.6069232      1.6676040E-02  4.6151708E-15  9.9999997E-21
  1.7289814E-06  1.0116522E-03  0.3451367      0.6417596      1.2090334E-02  1.8389805E-14  9.9999997E-21
  6.6849539E-09  2.2220799E-04  3.3022169E-02  0.2266821      0.7400736      1.3217490E-12  9.9999997E-21
  1.2862294E-11  1.4434190E-06  1.9688287E-03  0.1189801      0.7963874      8.2114063E-02  5.4825703E-04
  1.6005689E-04  0.9998400    
  2.7561638E-05  0.1229751      0.8769974    
  7.4958606E-08  1.3285496E-03  0.2674250      0.6994433      3.1803098E-02  2.4645469E-14  9.9999997E-21
  2.5412014E-08  7.8728748E-04  0.2738059      0.7116558      1.3723415E-02  2.7594047E-05  2.2317194E-17
  4.6751946E-08  8.7837892E-04  0.2960356      0.6903747      1.2711292E-02  9.8726128E-15  9.9999997E-21
  8.0856552E-08  1.9498016E-03  0.5869948      0.4036100      7.4454178E-03  1.9864869E-15  9.9999997E-21
  9.1503571E-06  3.1919512E-03  0.5922325      0.3977206      6.8457909E-03  1.0056158E-14  9.9999997E-21
  6.2218319E-08  1.1161700E-03  9.0333760E-02  0.3478623      0.5606877      5.3318325E-13  9.9999997E-21
  1.4411392E-10  1.0103926E-05  7.6196957E-03  0.2364542      0.7269746      2.8844943E-02  9.6444339E-05
  2.5191985E-04  0.9997481    
  1.0038030E-04  0.2782588      0.7216408    
  2.8644132E-07  3.2138813E-03  0.4017101      0.5856766      9.3992157E-03  7.2995538E-15  9.9999997E-21
  9.4889529E-08  1.8126518E-03  0.3984244      0.5950911      4.6666791E-03  5.0406616E-06  3.9056991E-18
  2.4979664E-07  2.6420045E-03  0.5448097      0.4491637      3.3843031E-03  2.6336069E-15  9.9999997E-21
  3.0379317E-07  4.4576144E-03  0.8120099      0.1821200      1.4121359E-03  3.5795570E-16  9.9999997E-21
  2.8437049E-05  7.0921569E-03  0.7962829      0.1936016      2.9948945E-03  4.1914998E-15  9.9999997E-21
  4.6601170E-07  5.1449277E-03  0.2572227      0.6288499      0.1087820      1.0438618E-13  9.9999997E-21
  9.4986052E-10  4.6711961E-05  2.1679254E-02  0.3843000      0.5854009      8.5610524E-03  1.2119138E-05
  3.6856829E-04  0.9996314    
  3.7686326E-04  0.7183649      0.2812582    
  8.1732549E-07  6.2776352E-03  0.5408091      0.4517604      1.1520969E-03  9.1956692E-16  9.9999997E-21
  2.7165518E-07  3.4971090E-03  0.5284129      0.4667192      1.3691158E-03  1.3938458E-06  1.0599919E-18
  1.0308116E-06  6.6691879E-03  0.8831667      0.1098185      3.4461805E-04  2.7559262E-16  9.9999997E-21
  8.1321133E-07  7.9416195E-03  0.9559615      3.5875566E-02  2.2048214E-04  5.4374096E-17  9.9999997E-21
  5.9733626E-05  1.2026968E-02  0.8971563      8.9743532E-02  1.0134942E-03  1.3841563E-15  9.9999997E-21
  1.3973538E-06  1.0357940E-02  0.3489607      0.5762157      6.4464234E-02  6.4033929E-14  9.9999997E-21
  4.5292063E-09  1.6079003E-04  5.1108308E-02  0.5390802      0.4075179      2.1307389E-03  2.0531520E-06
  5.0443300E-04  0.9994956    
  6.9144618E-04  0.9657525      3.3556003E-02
  1.7782452E-06  9.9931955E-03  0.6326484      0.3572215      1.3517843E-04  1.0973081E-16  9.9999997E-21
  6.0262812E-07  5.6292675E-03  0.6138342      0.3800853      4.5036647E-04  2.9463627E-07  2.2276677E-19
  2.5425827E-06  1.0805432E-02  0.9823726      6.8104700E-03  8.9230944E-06  7.2573030E-18  9.9999997E-21
  1.5781601E-06  1.1150400E-02  0.9828817      5.9441300E-03  2.2254035E-05  5.4322502E-18  9.9999997E-21
  1.0636190E-04  1.7598704E-02  0.9480765      3.4218393E-02  5.9520531E-14  9.9999997E-21  9.9999997E-21
  3.3168744E-06  1.8766461E-02  0.4311323      0.5098830      4.0214825E-02  4.0770616E-14  9.9999997E-21
  1.4655656E-08  3.8265644E-04  9.0070099E-02  0.6182106      0.2909302      4.0616287E-04  1.8730798E-07
  6.6090660E-04  0.9993391    
  9.4650238E-04  0.9966732      2.3803115E-03
  3.4872971E-06  1.4891695E-02  0.7118604      0.2732115      3.2973887E-05  2.6773583E-17  9.9999997E-21
  1.2179734E-06  8.5584708E-03  0.6933023      0.2979934      1.4454400E-04  5.4173583E-08  4.0524538E-20
  5.1580869E-06  1.5012315E-02  0.9835816      1.4001696E-03  7.6382884E-07  6.2141070E-19  9.9999997E-21
  2.8142458E-06  1.4857741E-02  0.9832425      1.8930295E-03  3.9016218E-06  9.4024535E-19  9.9999997E-21
  1.7849363E-04  2.3894040E-02  0.9630588      1.2868616E-02  2.0427067E-14  9.9999997E-21  9.9999997E-21
  7.0906094E-06  3.1787351E-02  0.5000034      0.4428137      2.5388509E-02  2.5790363E-14  9.9999997E-21
  3.9699330E-08  7.8980846E-04  0.1409026      0.6603270      0.1978864      9.4150942E-05  1.7958618E-08
  8.6768810E-04  0.9991323    
  1.2449542E-03  0.9987550      8.4686494E-12
  6.2658964E-06  2.0391177E-02  0.7474692      0.2321333      9.6224827E-14  9.9999997E-21  9.9999997E-21
  2.2224244E-06  1.1765473E-02  0.7275744      0.2606579      1.7928630E-13  9.9999997E-21  9.9999997E-21
  1.0150033E-05  2.0241622E-02  0.9797482      8.7516962E-13  9.9999997E-21  9.9999997E-21  9.9999997E-21
  4.5850784E-06  1.8541859E-02  0.9814535      4.8448469E-13  9.9999997E-21  9.9999997E-21  9.9999997E-21
  2.9598578E-04  3.1841066E-02  0.9678630      2.0384961E-12  9.9999997E-21  9.9999997E-21  9.9999997E-21
  1.4503164E-05  5.0879337E-02  0.5513926      0.3801511      1.7562481E-02  1.7837636E-14  9.9999997E-21
  9.7121571E-08  1.4715788E-03  0.1974500      0.6543787      0.1466996      2.2665744E-13  9.9999997E-21
  1.1068530E-03  0.9988931    
  1.5021401E-03  0.9984978      8.5052139E-12
  1.0098616E-05  2.6311180E-02  0.7957212      0.1779575      7.3195431E-14  9.9999997E-21  9.9999997E-21
  3.7902448E-06  1.6187256E-02  0.7783147      0.2054942      1.3946917E-13  9.9999997E-21  9.9999997E-21
  1.8173558E-05  2.6410341E-02  0.9735715      8.3335688E-13  9.9999997E-21  9.9999997E-21  9.9999997E-21
  7.1126633E-06  2.3526115E-02  0.9764668      4.6824041E-13  9.9999997E-21  9.9999997E-21  9.9999997E-21
  4.2937027E-04  3.8584989E-02  0.9609857      1.7344330E-12  9.9999997E-21  9.9999997E-21  9.9999997E-21
  2.6739739E-05  7.6929927E-02  0.5910116      0.3210694      1.0962315E-02  1.1140665E-14  9.9999997E-21
  2.0441925E-07  2.4718074E-03  0.2684670      0.6337059      9.5355041E-02  1.4801130E-13  9.9999997E-21
  1.3412964E-03  0.9986587    
  2.0329054E-03  0.9979671      8.2940816E-12
  1.7409124E-05  3.6434460E-02  0.8188966      0.1446515      5.7949983E-14  9.9999997E-21  9.9999997E-21
  6.9749794E-06  2.2053048E-02  0.8086747      0.1692653      1.1196696E-13  9.9999997E-21  9.9999997E-21
  3.2156364E-05  3.3984914E-02  0.9659829      7.9129710E-13  9.9999997E-21  9.9999997E-21  9.9999997E-21
  1.2147357E-05  3.0106504E-02  0.9698814      4.4040704E-13  9.9999997E-21  9.9999997E-21  9.9999997E-21
  7.3634530E-04  5.1745240E-02  0.9475184      1.5082510E-12  9.9999997E-21  9.9999997E-21  9.9999997E-21
  4.6643760E-05  0.1136587      0.6140838      0.2656394      6.5714656E-03  6.6667181E-15  9.9999997E-21
  4.3912354E-07  4.3018344E-03  0.3407665      0.5899312      6.4999968E-02  9.8393034E-14  9.9999997E-21
  3.7110043E-03  0.9962890    
  4.9702763E-03  0.9950297      8.3886040E-12
  1.1497356E-04  9.3395606E-02  0.8558673      5.0622091E-02  1.8539523E-14  9.9999997E-21  9.9999997E-21
  6.1184292E-05  7.4458823E-02  0.8624237      6.3056320E-02  3.6563045E-14  9.9999997E-21  9.9999997E-21
  3.9335460E-04  0.1104921      0.8891145      5.2040728E-13  9.9999997E-21  9.9999997E-21  9.9999997E-21
  6.6695029E-05  6.7535974E-02  0.9323973      3.2716589E-13  9.9999997E-21  9.9999997E-21  9.9999997E-21
  4.3708924E-03  0.1227461      0.8728830      6.2085070E-13  9.9999997E-21  9.9999997E-21  9.9999997E-21
  4.3404251E-04  0.4487407      0.4693747      8.0809094E-02  6.4144487E-04  6.5301370E-16  9.9999997E-21
  5.7184880E-06  2.1705035E-02  0.7045075      0.2674588      6.3229254E-03  9.7116690E-15  9.9999997E-21
   0.000000       0.000000    
   0.000000       0.000000       0.000000    
   0.000000       0.000000       0.000000       0.000000       0.000000       0.000000       0.000000    
   0.000000       0.000000       0.000000       0.000000       0.000000       0.000000       0.000000    
   0.000000       0.000000       0.000000       0.000000       0.000000       0.000000       0.000000    
   0.000000       0.000000       0.000000       0.000000       0.000000       0.000000       0.000000    
   0.000000       0.000000       0.000000       0.000000       0.000000       0.000000       0.000000    
   0.000000       0.000000       0.000000       0.000000       0.000000       0.000000       0.000000    
   0.000000       0.000000       0.000000       0.000000       0.000000       0.000000       0.000000    
   0.000000       0.000000    
   0.000000       0.000000       0.000000    
   0.000000       0.000000       0.000000       0.000000       0.000000       0.000000       0.000000    
   0.000000       0.000000       0.000000       0.000000       0.000000       0.000000       0.000000    
   0.000000       0.000000       0.000000       0.000000       0.000000       0.000000       0.000000    
   0.000000       0.000000       0.000000       0.000000       0.000000       0.000000       0.000000    
   0.000000       0.000000       0.000000       0.000000       0.000000       0.000000       0.000000    
   0.000000       0.000000       0.000000       0.000000       0.000000       0.000000       0.000000    
   0.000000       0.000000       0.000000       0.000000       0.000000       0.000000       0.000000    
   0.000000       0.000000    
   0.000000       0.000000       0.000000    
   0.000000       0.000000       0.000000       0.000000       0.000000       0.000000       0.000000    
   0.000000       0.000000       0.000000       0.000000       0.000000       0.000000       0.000000    
   0.000000       0.000000       0.000000       0.000000       0.000000       0.000000       0.000000    
   0.000000       0.000000       0.000000       0.000000       0.000000       0.000000       0.000000    
   0.000000       0.000000       0.000000       0.000000       0.000000       0.000000       0.000000    
   0.000000       0.000000       0.000000       0.000000       0.000000       0.000000       0.000000    
   0.000000       0.000000       0.000000       0.000000       0.000000       0.000000       0.000000    
  9.8984354E-05  0.9999010    
  8.1589560E-06  5.9394445E-02  0.9405974    
  1.7111239E-08  4.9001462E-04  0.1608494      0.7793052      5.9355378E-02  4.6010799E-14  9.9999997E-21
  5.8767755E-09  3.0018910E-04  0.1683389      0.7913722      3.9907038E-02  8.1592210E-05  6.7454448E-17
  8.6892857E-09  2.9121467E-04  0.1591540      0.8053678      3.5179548E-02  7.4630480E-06  7.1548087E-18
  2.1914492E-08  8.6405437E-04  0.4360109      0.5536721      9.4529483E-03  2.5883787E-15  9.9999997E-21
  2.3424577E-06  1.2588821E-03  0.3880054      0.6043743      6.3590799E-03  9.5740574E-15  9.9999997E-21
  1.0181431E-08  2.9499183E-04  4.0670477E-02  0.2498523      0.7091822      1.2533502E-12  9.9999997E-21
  1.9073075E-11  2.0012544E-06  2.4676551E-03  0.1315801      0.7975571      6.8071187E-02  3.2198097E-04
  1.6857416E-04  0.9998314    
  2.8711705E-05  0.1195874      0.8803839    
  8.6158082E-08  1.4458561E-03  0.2722502      0.7018444      2.4459513E-02  1.8922013E-14  9.9999997E-21
  2.8864754E-08  8.4930094E-04  0.2772993      0.7035475      1.8282095E-02  2.1731654E-05  1.7448199E-17
  5.4173015E-08  9.5405220E-04  0.2992007      0.6839771      1.5868124E-02  1.2302826E-14  9.9999997E-21
  1.0277817E-07  2.2915993E-03  0.6332728      0.3606563      3.7792709E-03  9.9998359E-16  9.9999997E-21
  9.5185515E-06  3.2626786E-03  0.5708601      0.4258677      9.6864888E-13  9.9999997E-21  9.9999997E-21
  7.7053841E-08  1.3152745E-03  0.1029087      0.3682491      0.5275269      5.0120856E-13  9.9999997E-21
  1.7655552E-10  1.1895342E-05  8.4189661E-03  0.2422958      0.7191402      3.0043976E-02  8.9215668E-05
  2.6085888E-04  0.9997392    
  1.0801654E-04  0.2871307      0.7127613    
  3.2259564E-07  3.4876845E-03  0.4214065      0.5669764      8.1291078E-03  6.3270608E-15  9.9999997E-21
  1.0629952E-07  1.9851911E-03  0.4240472      0.5670503      6.9143525E-03  2.8481365E-06  2.2247097E-18
  2.8443085E-07  2.8857766E-03  0.5651390      0.4273853      4.5895879E-03  3.5794765E-15  9.9999997E-21
  3.4841665E-07  4.9089924E-03  0.8059515      0.1880409      1.0982354E-03  2.8094860E-16  9.9999997E-21
  2.8173547E-05  6.8496442E-03  0.7488096      0.2443126      5.0572963E-13  9.9999997E-21  9.9999997E-21
  5.0937604E-07  5.5714017E-03  0.2717714      0.6287053      9.3951486E-02  9.0271466E-14  9.9999997E-21
  1.1738578E-09  5.4951473E-05  2.4754012E-02  0.4078926      0.5569016      1.0385185E-02  1.1539631E-05
  3.7309909E-04  0.9996269    
  3.8793986E-04  0.7004820      0.2991301    
  9.3712782E-07  7.0660086E-03  0.5813932      0.4100968      1.4429919E-03  1.1507367E-15  9.9999997E-21
  3.0883839E-07  3.9199339E-03  0.5779275      0.4161524      1.9997214E-03  1.0010877E-07  7.6282984E-20
  1.0812964E-06  6.8179965E-03  0.8631791      0.1294928      5.0893967E-04  4.0664408E-16  9.9999997E-21
  9.9862621E-07  9.3328385E-03  0.9401593      5.0386548E-02  1.2030765E-04  2.9745481E-17  9.9999997E-21
  6.2721949E-05  1.2305099E-02  0.8976157      9.0016432E-02  1.7014077E-13  9.9999997E-21  9.9999997E-21
  1.4981460E-06  1.1046263E-02  0.3655235      0.5729889      5.0439816E-02  5.0036520E-14  9.9999997E-21
  5.6512595E-09  1.9562949E-04  5.9634566E-02  0.5800445      0.3581336      1.9911889E-03  4.7313236E-07
  5.1016593E-04  0.9994898    
  7.6781173E-04  0.9823911      1.6841149E-02
  2.1114984E-06  1.1647345E-02  0.6797144      0.3084387      1.9742962E-04  1.6026255E-16  9.9999997E-21
  7.1323922E-07  6.4683091E-03  0.6713657      0.3217283      4.3692673E-04  3.9273400E-16  9.9999997E-21
  2.8199906E-06  1.1525025E-02  0.9806679      7.7954680E-03  8.7631915E-06  7.1272901E-18  9.9999997E-21
  2.1483995E-06  1.4025941E-02  0.9779182      8.0419248E-03  1.1783466E-05  2.8552105E-18  9.9999997E-21
  1.1432917E-04  1.8504053E-02  0.9577478      2.3633825E-02  4.0839345E-14  9.9999997E-21  9.9999997E-21
  3.6394147E-06  2.0011682E-02  0.4525190      0.4981104      2.9355267E-02  2.9789610E-14  9.9999997E-21
  1.8667086E-08  4.8285982E-04  0.1067756      0.6563618      0.2361046      2.7513597E-04  3.6212345E-08
  6.9011416E-04  0.9993099    
  1.0590728E-03  0.9989409      8.4841171E-12
  4.1553353E-06  1.7243270E-02  0.7428560      0.2398966      1.0035566E-13  9.9999997E-21  9.9999997E-21
  1.4181768E-06  9.6401758E-03  0.7345344      0.2558241      1.7816747E-13  9.9999997E-21  9.9999997E-21
  5.8920577E-06  1.6055431E-02  0.9839387      9.0908807E-13  9.9999997E-21  9.9999997E-21  9.9999997E-21
  3.8450189E-06  1.8537302E-02  0.9814588      4.9790499E-13  9.9999997E-21  9.9999997E-21  9.9999997E-21
  1.9231973E-04  2.5479147E-02  0.9743285      2.3413496E-12  9.9999997E-21  9.9999997E-21  9.9999997E-21
  8.0118962E-06  3.3953313E-02  0.5187582      0.4285249      1.8755557E-02  1.9048634E-14  9.9999997E-21
  5.1164857E-08  9.9812401E-04  0.1621552      0.6778250      0.1590217      2.4610506E-13  9.9999997E-21
  8.9387177E-04  0.9991061    
  1.4023335E-03  0.9985977      8.3725691E-12
  7.6845336E-06  2.4570839E-02  0.7975911      0.1778304      7.3083466E-14  9.9999997E-21  9.9999997E-21
  2.8452544E-06  1.4290852E-02  0.7922471      0.1934593      1.3213008E-13  9.9999997E-21  9.9999997E-21
  1.1922654E-05  2.2293733E-02  0.9776943      8.6755912E-13  9.9999997E-21  9.9999997E-21  9.9999997E-21
  6.8075169E-06  2.4439862E-02  0.9755533      4.7429519E-13  9.9999997E-21  9.9999997E-21  9.9999997E-21
  3.2062363E-04  3.3945519E-02  0.9657338      1.9989264E-12  9.9999997E-21  9.9999997E-21  9.9999997E-21
  1.6899334E-05  5.6061517E-02  0.5754809      0.3569800      1.1460636E-02  1.1630281E-14  9.9999997E-21
  1.2760862E-07  1.9291420E-03  0.2342660      0.6646865      9.9118263E-02  1.5139649E-13  9.9999997E-21
  1.1748264E-03  0.9988252    
  1.7472864E-03  0.9982527      8.4174447E-12
  1.2596868E-05  3.1574603E-02  0.8196955      0.1487173      6.0585909E-14  9.9999997E-21  9.9999997E-21
  4.8213647E-06  1.8935790E-02  0.8183607      0.1626987      1.0944000E-13  9.9999997E-21  9.9999997E-21
  2.1800248E-05  2.8359650E-02  0.9716185      8.2055098E-13  9.9999997E-21  9.9999997E-21  9.9999997E-21
  9.9611889E-06  2.8578697E-02  0.9714113      4.5705518E-13  9.9999997E-21  9.9999997E-21  9.9999997E-21
  5.1220623E-04  4.2895764E-02  0.9565920      1.6620253E-12  9.9999997E-21  9.9999997E-21  9.9999997E-21
  3.1858573E-05  8.7002508E-02  0.5992574      0.3056267      8.0815153E-03  8.2071877E-15  9.9999997E-21
  2.6256939E-07  3.0991326E-03  0.3002972      0.6284012      6.8202242E-02  1.0478048E-13  9.9999997E-21
  1.5564390E-03  0.9984435    
  2.2048473E-03  0.9977952      8.3935740E-12
  2.1272968E-05  4.1016154E-02  0.8411257      0.1178369      4.7135750E-14  9.9999997E-21  9.9999997E-21
  8.6728351E-06  2.5269829E-02  0.8445331      0.1301884      8.5422521E-14  9.9999997E-21  9.9999997E-21
  4.1914656E-05  3.7026633E-02  0.9629315      7.6213921E-13  9.9999997E-21  9.9999997E-21  9.9999997E-21
  1.4844984E-05  3.3720281E-02  0.9662649      4.3151162E-13  9.9999997E-21  9.9999997E-21  9.9999997E-21
  8.3690032E-04  5.6768153E-02  0.9423950      1.3455596E-12  9.9999997E-21  9.9999997E-21  9.9999997E-21
  6.3313200E-05  0.1372347      0.6065752      0.2508539      5.2729049E-03  5.3558524E-15  9.9999997E-21
  5.6533412E-07  5.0814990E-03  0.3830791      0.5697829      4.2055938E-02  6.4454294E-14  9.9999997E-21
  4.0254020E-03  0.9959746    
  5.2300952E-03  0.9947699      8.4183346E-12
  1.2872163E-04  9.9962234E-02  0.8614114      3.8497645E-02  1.3952400E-14  9.9999997E-21  9.9999997E-21
  6.8334150E-05  7.8954279E-02  0.8744212      4.6556171E-02  2.6560680E-14  9.9999997E-21  9.9999997E-21
  4.5213956E-04  0.1149776      0.8845702      4.9859606E-13  9.9999997E-21  9.9999997E-21  9.9999997E-21
  7.5204065E-05  7.2724357E-02  0.9272004      3.1587620E-13  9.9999997E-21  9.9999997E-21  9.9999997E-21
  4.7437507E-03  0.1277478      0.8675085      5.7337788E-13  9.9999997E-21  9.9999997E-21  9.9999997E-21
  5.4140709E-04  0.4799272      0.4429474      7.6050036E-02  5.3395395E-04  5.4390913E-16  9.9999997E-21
  6.3089888E-06  2.2691522E-02  0.7226868      0.2506457      3.9696423E-03  6.1207854E-15  9.9999997E-21
   0.000000       0.000000    
   0.000000       0.000000       0.000000    
   0.000000       0.000000       0.000000       0.000000       0.000000       0.000000       0.000000    
   0.000000       0.000000       0.000000       0.000000       0.000000       0.000000       0.000000    
   0.000000       0.000000       0.000000       0.000000       0.000000       0.000000       0.000000    
   0.000000       0.000000       0.000000       0.000000       0.000000       0.000000       0.000000    
   0.000000       0.000000       0.000000       0.000000       0.000000       0.000000       0.000000    
   0.000000       0.000000       0.000000       0.000000       0.000000       0.000000       0.000000    
   0.000000       0.000000       0.000000       0.000000       0.000000       0.000000       0.000000    
   0.000000       0.000000    
   0.000000       0.000000       0.000000    
   0.000000       0.000000       0.000000       0.000000       0.000000       0.000000       0.000000    
   0.000000       0.000000       0.000000       0.000000       0.000000       0.000000       0.000000    
   0.000000       0.000000       0.000000       0.000000       0.000000       0.000000       0.000000    
   0.000000       0.000000       0.000000       0.000000       0.000000       0.000000       0.000000    
   0.000000       0.000000       0.000000       0.000000       0.000000       0.000000       0.000000    
   0.000000       0.000000       0.000000       0.000000       0.000000       0.000000       0.000000    
   0.000000       0.000000       0.000000       0.000000       0.000000       0.000000       0.000000    
  7.8958474E-05  0.9999210    
  5.4144271E-06  4.9778566E-02  0.9502160    
  8.8850864E-09  3.2180559E-04  0.1329162      0.7833207      8.3441295E-02  6.4877743E-14  9.9999997E-21
  3.0276899E-09  1.9555874E-04  0.1389584      0.8048736      5.5787951E-02  1.8443733E-04  1.5506869E-16
  4.2339368E-09  1.8427648E-04  0.1313357      0.8209701      4.7509931E-02  3.7032938E-14  9.9999997E-21
  1.0864404E-08  5.4790941E-04  0.3533525      0.6299425      1.6157005E-02  4.5105673E-15  9.9999997E-21
  1.2174366E-06  8.0805132E-04  0.3162860      0.6679398      1.4964920E-02  2.2952369E-14  9.9999997E-21
  3.9339385E-09  1.4810771E-04  2.5504649E-02  0.2043507      0.7699965      1.3870055E-12  9.9999997E-21
  7.5700782E-12  9.5111517E-07  1.4919898E-03  0.1044896      0.8042959      8.9182906E-02  5.3866208E-04
  1.3037262E-04  0.9998696    
  1.4449867E-05  8.0558993E-02  0.9194266    
  3.7791892E-08  8.3048694E-04  0.2085343      0.7494721      4.1163102E-02  3.1888754E-14  9.9999997E-21
  1.2526101E-08  4.8749393E-04  0.2143293      0.7553604      2.9801628E-02  2.1218282E-05  1.7373073E-17
  2.0091456E-08  4.9103121E-04  0.2110266      0.7633349      2.5141921E-02  5.5254609E-06  5.2429168E-18
  4.5376652E-08  1.3689934E-03  0.5246687      0.4704913      3.4710118E-03  9.3972768E-16  9.9999997E-21
  4.5073934E-06  1.9500832E-03  0.4568837      0.5372097      3.9520040E-03  5.8862852E-15  9.9999997E-21
  2.6793106E-08  6.0021697E-04  6.2042437E-02  0.3026101      0.6347473      1.1094108E-12  9.9999997E-21
  5.5487389E-11  4.6330979E-06  4.3307012E-03  0.1762992      0.7714157      4.7867976E-02  8.1864760E-05
  1.9846560E-04  0.9998015    
  4.8743110E-05  0.1705660      0.8293852    
  1.4248508E-07  2.0198484E-03  0.3199691      0.6607558      1.7255075E-02  1.3379485E-14  9.9999997E-21
  4.7887461E-08  1.1856424E-03  0.3280953      0.6566755      1.4040186E-02  3.4429345E-06  2.7482203E-18
  1.0075352E-07  1.4405163E-03  0.3838972      0.6035605      1.1096848E-02  4.7947856E-06  4.4271310E-18
  1.5986780E-07  3.0023137E-03  0.6994972      0.2970085      4.9181504E-04  1.2918086E-16  9.9999997E-21
  1.4046864E-05  4.2506810E-03  0.6229497      0.3699612      2.8243721E-03  4.0878716E-15  9.9999997E-21
  1.3828928E-07  2.0114065E-03  0.1306704      0.4008390      0.4664791      4.4478248E-13  9.9999997E-21
  3.6272185E-10  2.1184695E-05  1.2530331E-02  0.2968461      0.6651983      2.5375957E-02  2.8131595E-05
  2.8165811E-04  0.9997184    
  1.7239018E-04  0.4036592      0.5961684    
  4.3189104E-07  4.2582499E-03  0.4521799      0.5379666      5.5948612E-03  4.3856236E-15  9.9999997E-21
  1.5106606E-07  2.5179640E-03  0.4609515      0.5320984      4.4299583E-03  1.9699519E-06  1.5310009E-18
  4.4262171E-07  3.9370377E-03  0.6666194      0.3269023      2.5403211E-03  5.3807395E-07  4.8246752E-19
  4.8015227E-07  5.8840518E-03  0.8551414      0.1385809      3.9314642E-04  9.9839562E-17  9.9999997E-21
  3.5940553E-05  8.3443765E-03  0.8088892      0.1821096      6.2084908E-04  8.7085247E-16  9.9999997E-21
  6.9185279E-07  6.8688551E-03  0.3023213      0.6123876      7.8421511E-02  7.6029250E-14  9.9999997E-21
  1.8310145E-09  8.0129590E-05  3.2199893E-02  0.4514056      0.5089593      7.3488979E-03  6.1724718E-06
  3.9109704E-04  0.9996089    
  4.6888349E-04  0.7743268      0.2252043    
  1.0469588E-06  7.5125238E-03  0.5643527      0.4270521      1.0816044E-03  8.6673520E-16  9.9999997E-21
  3.6333458E-07  4.2810966E-03  0.5649165      0.4297565      1.0455459E-03  9.2656384E-16  9.9999997E-21
  1.3524497E-06  7.8167077E-03  0.9012492      9.0726838E-02  2.0586661E-04  1.6528691E-16  9.9999997E-21
  1.1364513E-06  9.5736161E-03  0.9553061      3.5119146E-02  2.1582642E-14  9.9999997E-21  9.9999997E-21
  7.2001712E-05  1.3852649E-02  0.9406273      4.5448065E-02  8.4835161E-14  9.9999997E-21  9.9999997E-21
  1.7349836E-06  1.2198531E-02  0.3847053      0.5550388      4.8055641E-02  4.7957488E-14  9.9999997E-21
  6.7832526E-09  2.2570601E-04  6.3794971E-02  0.5713243      0.3634387      1.2159817E-03  2.9561241E-07
  5.4147240E-04  0.9994586    
  7.8552734E-04  0.9773194      2.1895090E-02
  2.2246932E-06  1.1804258E-02  0.6671491      0.3209557      8.8697765E-05  7.1928622E-17  9.9999997E-21
  7.7879730E-07  6.6906339E-03  0.6640420      0.3290449      2.2169559E-04  1.9909798E-16  9.9999997E-21
  3.2558287E-06  1.2346205E-02  0.9801279      7.5175082E-03  5.1141733E-06  4.1553600E-18  9.9999997E-21
  2.1680225E-06  1.3510779E-02  0.9826491      3.8379806E-03  2.2630342E-15  9.9999997E-21  9.9999997E-21
  1.2485257E-04  1.9633055E-02  0.9635553      1.6686762E-02  2.8272689E-14  9.9999997E-21  9.9999997E-21
  4.1676158E-06  2.1696897E-02  0.4645324      0.4843045      2.9462008E-02  2.9878704E-14  9.9999997E-21
  2.1710997E-08  5.3743640E-04  0.1125660      0.6515290      0.2352270      1.4052838E-04  1.4380118E-16
  7.0662826E-04  0.9992934    
  1.0392324E-03  0.9989037      5.7052406E-05
  4.0435607E-06  1.6455434E-02  0.7176204      0.2659195      6.7061791E-07  5.4346433E-19  9.9999997E-21
  1.4798713E-06  9.5297517E-03  0.7123425      0.2781235      2.7795718E-06  2.4960138E-18  9.9999997E-21
  6.3110151E-06  1.6491771E-02  0.9834723      2.9595065E-05  3.0213657E-10  9.9999997E-21  9.9999997E-21
  3.6232634E-06  1.7191269E-02  0.9827660      3.9069957E-05  2.2115650E-17  9.9999997E-21  9.9999997E-21
  2.0991960E-04  2.6616182E-02  0.9729491      2.2478148E-04  3.4679297E-16  9.9999997E-21  9.9999997E-21
  8.6326581E-06  3.5167813E-02  0.5212055      0.4232565      2.0361556E-02  2.0671524E-14  9.9999997E-21
  5.2527781E-08  9.9374680E-04  0.1607913      0.6670814      0.1711319      1.5239847E-06  1.5399776E-18
  9.0778677E-04  0.9990922    
  1.3409230E-03  0.9986591      8.4177561E-12
  7.1711765E-06  2.2739701E-02  0.7696630      0.2075902      8.5561705E-14  9.9999997E-21  9.9999997E-21
  2.6288087E-06  1.3355424E-02  0.7627644      0.2238775      1.5315440E-13  9.9999997E-21  9.9999997E-21
  1.1787813E-05  2.1941928E-02  0.9780463      8.6638146E-13  9.9999997E-21  9.9999997E-21  9.9999997E-21
  5.9348586E-06  2.1964615E-02  0.9780294      4.7717304E-13  9.9999997E-21  9.9999997E-21  9.9999997E-21
  3.3194074E-04  3.3652805E-02  0.9660153      1.9802350E-12  9.9999997E-21  9.9999997E-21  9.9999997E-21
  1.7430426E-05  5.5018328E-02  0.5713777      0.3605412      1.3045349E-02  1.3244169E-14  9.9999997E-21
  1.2219103E-07  1.8035921E-03  0.2244286      0.6575493      0.1162184      1.7848207E-13  9.9999997E-21
  1.2113517E-03  0.9987887    
  1.6999395E-03  0.9983001      8.4397558E-12
  1.2431635E-05  3.0179441E-02  0.8067138      0.1630944      6.6446787E-14  9.9999997E-21  9.9999997E-21
  4.8990019E-06  1.8869212E-02  0.8036652      0.1774607      1.1923146E-13  9.9999997E-21  9.9999997E-21
  2.3189177E-05  2.9236250E-02  0.9707406      8.1488218E-13  9.9999997E-21  9.9999997E-21  9.9999997E-21
  9.5314908E-06  2.7538214E-02  0.9724523      4.5641675E-13  9.9999997E-21  9.9999997E-21  9.9999997E-21
  5.2713079E-04  4.3524947E-02  0.9559479      1.6261179E-12  9.9999997E-21  9.9999997E-21  9.9999997E-21
  3.4057779E-05  9.0487175E-02  0.6030968      0.2983248      8.0571249E-03  8.1843042E-15  9.9999997E-21
  2.7455843E-07  3.0840628E-03  0.3034643      0.6194670      7.3984288E-02  1.1396477E-13  9.9999997E-21
  1.5398648E-03  0.9984601    
  2.2135938E-03  0.9977864      8.4024255E-12
  2.1066166E-05  4.0348254E-02  0.8337428      0.1258879      5.0426846E-14  9.9999997E-21  9.9999997E-21
  8.8777415E-06  2.6731854E-02  0.8321748      0.1410845      9.2707986E-14  9.9999997E-21  9.9999997E-21
  4.6391579E-05  4.1765459E-02  0.9581882      7.6055124E-13  9.9999997E-21  9.9999997E-21  9.9999997E-21
  1.6347700E-05  3.6625993E-02  0.9633577      4.3152770E-13  9.9999997E-21  9.9999997E-21  9.9999997E-21
  8.0478500E-04  5.5318069E-02  0.9438772      1.3578447E-12  9.9999997E-21  9.9999997E-21  9.9999997E-21
  6.1188475E-05  0.1400654      0.6270664      0.2283485      4.4586356E-03  4.5291072E-15  9.9999997E-21
  5.6724815E-07  5.0548594E-03  0.4055981      0.5444271      4.4919372E-02  6.8917433E-14  9.9999997E-21
  4.0025725E-03  0.9959974    
  5.7232594E-03  0.9942768      8.3622094E-12
  1.4150780E-04  0.1066205      0.8535718      3.9666239E-02  1.4341769E-14  9.9999997E-21  9.9999997E-21
  7.6382268E-05  8.8496514E-02  0.8622188      4.9208336E-02  2.8075083E-14  9.9999997E-21  9.9999997E-21
  5.4107857E-04  0.1373896      0.8620693      4.8740558E-13  9.9999997E-21  9.9999997E-21  9.9999997E-21
  9.8492033E-05  8.6315259E-02  0.9135863      3.1114773E-13  9.9999997E-21  9.9999997E-21  9.9999997E-21
  4.1947756E-03  0.1310560      0.8647492      5.7684586E-13  9.9999997E-21  9.9999997E-21  9.9999997E-21
  4.8585830E-04  0.4952239      0.4431501      6.0788795E-02  3.5142055E-04  3.5780366E-16  9.9999997E-21
  6.9684193E-06  2.4462499E-02  0.7550277      0.2167393      3.7635916E-03  5.7665228E-15  9.9999997E-21
  8.9204477E-05  0.9999108    
  7.0380652E-06  5.6426808E-02  0.9435661    
  1.2817531E-08  4.0504491E-04  0.1460676      0.7818608      7.1666569E-02  5.5674795E-14  9.9999997E-21
  4.3216994E-09  2.4755811E-04  0.1524276      0.7953880      5.1857073E-02  7.9759324E-05  6.6663730E-17
  6.3411503E-09  2.4012770E-04  0.1478352      0.8062397      4.5646597E-02  3.8372451E-05  3.7215458E-17
  1.6096781E-08  7.1094267E-04  0.3962842      0.5935056      9.4992481E-03  2.6338536E-15  9.9999997E-21
  1.4591656E-06  8.6957263E-04  0.3011337      0.6865119      1.1483345E-02  1.7497832E-14  9.9999997E-21
  6.6281136E-09  2.1710461E-04  3.3163257E-02  0.2287903      0.7378294      1.3201587E-12  9.9999997E-21
  1.2804947E-11  1.4263863E-06  1.9869979E-03  0.1193024      0.8089937      6.9301888E-02  4.1365053E-04
  1.0057435E-04  0.9998994    
  8.5403235E-06  6.1875582E-02  0.9381159    
  1.7651695E-08  5.0223747E-04  0.1640066      0.7712799      6.4211264E-02  4.9829600E-14  9.9999997E-21
  6.0560410E-09  3.0787455E-04  0.1715935      0.7888685      3.9191958E-02  3.8134844E-05  3.1663541E-17
  8.8562420E-09  2.9479951E-04  0.1635091      0.8034036      3.2792531E-02  2.5509542E-14  9.9999997E-21
  2.1515573E-08  8.5638178E-04  0.4270069      0.5681565      3.9802128E-03  1.0952129E-15  9.9999997E-21
  2.4274239E-06  1.3089686E-03  0.4030476      0.5902015      5.4395273E-03  8.2283093E-15  9.9999997E-21
  1.0009810E-08  2.9575860E-04  3.9562367E-02  0.2465082      0.7136337      1.2673296E-12  9.9999997E-21
  1.9511885E-11  2.0073021E-06  2.4917761E-03  0.1338955      0.7966003      6.6899456E-02  1.1100680E-04
  1.3053849E-04  0.9998695    
  1.4815115E-05  8.0817476E-02  0.9191677    
  3.8560859E-08  8.4083847E-04  0.2072359      0.7478882      4.4035088E-02  3.4119588E-14  9.9999997E-21
  1.2840922E-08  4.9374602E-04  0.2129513      0.7549895      3.1562530E-02  2.8852942E-06  2.3641465E-18
  2.0196028E-08  4.8737723E-04  0.2107302      0.7629070      2.5875429E-02  2.0095830E-14  9.9999997E-21
  4.4006416E-08  1.3141945E-03  0.5119682      0.4864045      3.1308268E-04  8.4833480E-17  9.9999997E-21
  4.9964974E-06  2.1219156E-03  0.4907922      0.5062848      7.9600129E-04  1.1865481E-15  9.9999997E-21
  2.5747436E-08  5.9098133E-04  6.0167115E-02  0.2949704      0.6442716      1.1269824E-12  9.9999997E-21
  5.6055084E-11  4.6424211E-06  4.2518643E-03  0.1750119      0.7725791      4.8043642E-02  1.0884087E-04
  1.7809428E-04  0.9998219    
  3.6461450E-05  0.1452250      0.8547386    
  1.0342087E-07  1.6523942E-03  0.2965608      0.6781908      2.3595950E-02  1.8306425E-14  9.9999997E-21
  3.4408597E-08  9.6046884E-04  0.2993067      0.6821204      1.7596515E-02  1.5876651E-05  1.2817318E-17
  6.6753877E-08  1.0986113E-03  0.3375320      0.6472886      1.4080820E-02  1.0948654E-14  9.9999997E-21
  1.1045842E-07  2.3651794E-03  0.6372252      0.3580099      2.3996043E-03  6.3872510E-16  9.9999997E-21
  1.1312548E-05  3.7009935E-03  0.6158903      0.3773697      3.0276997E-03  4.4379021E-15  9.9999997E-21
  8.7560906E-08  1.4439363E-03  0.1056881      0.3779260      0.5149419      4.9046352E-13  9.9999997E-21
  2.1800012E-10  1.4002700E-05  9.4515812E-03  0.2644723      0.6977900      2.8221536E-02  5.0537907E-05
  2.5111518E-04  0.9997489    
  9.3707495E-05  0.2666502      0.7332560    
  2.8020676E-07  3.1896322E-03  0.4094562      0.5775658      9.7880643E-03  7.6258910E-15  9.9999997E-21
  9.2368865E-08  1.8219308E-03  0.4123197      0.5781697      7.6839277E-03  4.5828160E-06  3.6246335E-18
  2.3786977E-07  2.5645380E-03  0.5332287      0.4588228      5.3837490E-03  4.2032663E-15  9.9999997E-21
  3.0078417E-07  4.5056567E-03  0.7866966      0.2074594      1.3380306E-03  3.4733335E-16  9.9999997E-21
  2.4719424E-05  6.1922497E-03  0.7248441      0.2678992      1.0397136E-03  1.4885102E-15  9.9999997E-21
  3.1722226E-07  3.5830226E-03  0.1824794      0.4506872      0.3632501      3.4875488E-13  9.9999997E-21
  9.6723907E-10  4.6933677E-05  2.2218378E-02  0.3918200      0.5742902      1.1611219E-02  1.3326317E-05
  3.3383974E-04  0.9996662    
  3.2411990E-04  0.6530662      0.3466097    
  7.0346039E-07  5.9653004E-03  0.5432909      0.4480639      2.6792439E-03  2.1379309E-15  9.9999997E-21
  2.3791794E-07  3.4122730E-03  0.5485460      0.4454435      2.5977718E-03  2.7609480E-07  2.1483256E-19
  8.1033266E-07  5.8831065E-03  0.8408851      0.1524552      7.7557104E-04  1.7757093E-07  1.5923223E-19
  7.7336711E-07  8.0262600E-03  0.9104136      8.1505477E-02  5.3932999E-05  1.3669686E-17  9.9999997E-21
  4.8993199E-05  1.0340939E-02  0.8619103      0.1272542      4.4558308E-04  6.2446943E-16  9.9999997E-21
  1.0947012E-06  9.3444074E-03  0.3442354      0.5887340      5.7685178E-02  5.7078243E-14  9.9999997E-21
  3.7493688E-09  1.4511772E-04  4.8936754E-02  0.5451292      0.4017451      4.0435381E-03  2.4718179E-07
  4.4660020E-04  0.9995534    
  6.3724077E-04  0.9368991      6.2463630E-02
  1.4475153E-06  9.1266381E-03  0.6113582      0.3788172      6.9643330E-04  5.6539952E-16  9.9999997E-21
  5.0593729E-07  5.2747829E-03  0.6164977      0.3771140      1.1130001E-03  7.9986123E-08  6.1174666E-20
  1.9374872E-06  9.4298869E-03  0.9636866      2.6809026E-02  7.2572118E-05  1.1214722E-08  9.9999997E-21
  1.4125483E-06  1.0705287E-02  0.9618787      2.7403062E-02  1.1594472E-05  2.8693522E-18  9.9999997E-21
  8.6982829E-05  1.5621990E-02  0.9302782      5.3897511E-02  1.1535585E-04  1.5821543E-16  9.9999997E-21
  2.5202555E-06  1.6003761E-02  0.4181349      0.5260606      3.9798193E-02  4.0281482E-14  9.9999997E-21
  1.1052689E-08  3.2513580E-04  8.1009433E-02  0.6189327      0.2981913      1.5411832E-03  2.4161392E-07
  5.7710806E-04  0.9994229    
  8.9683314E-04  0.9903651      8.7380698E-03
  2.7935221E-06  1.3472923E-02  0.6770820      0.3093448      9.7478849E-05  7.9005317E-17  9.9999997E-21
  1.0034993E-06  7.8245327E-03  0.6750208      0.3169327      2.2089249E-04  1.9833897E-16  9.9999997E-21
  3.8980256E-06  1.3189374E-02  0.9830257      3.7783615E-03  2.7150120E-06  2.2047962E-18  9.9999997E-21
  2.6198657E-06  1.4573488E-02  0.9806178      4.8060799E-03  2.7976833E-15  9.9999997E-21  9.9999997E-21
  1.4932601E-04  2.1832312E-02  0.9628807      1.5137607E-02  2.5050713E-14  9.9999997E-21  9.9999997E-21
  5.3269146E-06  2.5124142E-02  0.4821331      0.4666003      2.6137145E-02  2.6521279E-14  9.9999997E-21
  2.8877050E-08  6.5196835E-04  0.1240402      0.6566578      0.2184163      2.3371851E-04  5.1581971E-08
  7.5482129E-04  0.9992452    
  1.1655940E-03  0.9940931      4.7413330E-03
  5.1137376E-06  1.9067796E-02  0.7397636      0.2411118      5.1694602E-05  4.1895798E-17  9.9999997E-21
  1.9005522E-06  1.1494491E-02  0.7361173      0.2521719      2.1438894E-04  1.9251435E-16  9.9999997E-21
  7.7033101E-06  1.8261772E-02  0.9792482      2.4801020E-03  2.2149575E-06  1.7986391E-18  9.9999997E-21
  4.7201256E-06  2.0013463E-02  0.9766877      3.2941096E-03  1.8500847E-15  9.9999997E-21  9.9999997E-21
  2.3590980E-04  2.7786957E-02  0.9534318      1.8545298E-02  2.7947605E-14  9.9999997E-21  9.9999997E-21
  1.0334987E-05  4.0014505E-02  0.5467996      0.3976799      1.5495688E-02  1.5728560E-14  9.9999997E-21
  7.0935805E-08  1.2460082E-03  0.1848748      0.6659160      0.1478488      1.1420922E-04  1.4315243E-08
  9.7859406E-04  0.9990214    
  1.4814020E-03  0.9985186      8.4265676E-12
  8.5631063E-06  2.5685430E-02  0.7866180      0.1876880      7.7173809E-14  9.9999997E-21  9.9999997E-21
  3.2992957E-06  1.5717858E-02  0.7838451      0.2004337      1.3656968E-13  9.9999997E-21  9.9999997E-21
  1.4919842E-05  2.5027776E-02  0.9749573      8.5271612E-13  9.9999997E-21  9.9999997E-21  9.9999997E-21
  7.5739063E-06  2.5394099E-02  0.9745983      4.7139110E-13  9.9999997E-21  9.9999997E-21  9.9999997E-21
  3.7173860E-04  3.5590980E-02  0.9640373      1.8859074E-12  9.9999997E-21  9.9999997E-21  9.9999997E-21
